10 3590
10 4598
10 4658
27 4900
40 4172
42 2345
49 1182
70 1547
78 2389
92 1774
92 1868
92 1869
117 2167
117 8874
124 1120
138 223
150 10627
158 901
204 2871
242 12857
320 1513
328 2494
365 3351
365 5783
365 7158
368 6307
389 1348
404 184
413 47
413 150
413 329
413 824
413 2222
429 504
439 435
454 112
473 724
473 1030
505 2799
520 910
565 2
596 1472
596 6201
605 2435
605 3012
635 4209
654 1008
697 4962
744 6181
755 7919
813 4598
813 7236
813 7456
813 9079
813 9780
846 1636
854 3813
854 3925
854 5154
874 139
888 4972
892 1046
1024 5827
1045 5628
1051 4221
1130 5010
1143 2332
1156 3852
1157 7414
1187 4902
1203 9368
1255 196
1285 2667
1288 2484
1334 2113
1344 5662
1452 5729
1458 1963
1458 10196
1476 5151
1511 10897
1514 3537
1532 6837
1533 5143
1665 2024
1696 3557
1696 4974
1696 5469
1696 6286
1696 7652
1696 9058
1851 6996
1872 6488
1875 11534
1880 7971
1896 7635
1911 8664
1985 11799
2038 5427
2082 5151
2139 217
2171 9505
2224 781
2239 3218
2305 11012
2365 11851
2379 3589
2385 5414
2404 4972
2415 26
2457 7294
2467 10379
2506 5605
2523 4169
2535 64
2535 262
2565 9467
2665 5790
2678 11851
2715 6387
2749 2161
2822 7757
2894 4925
2905 11363
2919 798
2919 1360
2919 1386
2919 1781
2919 2135
2919 2748
2919 2864
2919 4066
2919 4757
2919 4896
2919 5155
2919 5497
2919 5502
2919 6082
2919 6148
2919 6385
2919 6448
2919 7193
2919 7773
2919 9174
2919 9542
2919 10542
2919 11120
2919 11870
2919 11996
2934 8010
2934 8079
2939 6375
3025 4073
3042 784
3094 11880
3167 1918
3184 5605
3241 5707
3252 6310
3279 6957
3290 3610
3290 4211
3290 4308
3290 6792
3290 6797
3290 7377
3323 5360
3337 6098
3373 2407
3543 12271
3585 4981
3617 4578
3638 10268
3646 2006
3647 7374
3667 4227
3701 2920
3718 2860
3734 5925
3739 10312
3758 11139
3781 4935
3826 1036
3851 6998
3863 2920
3890 7001
3893 1322
3905 1332
3905 9779
3910 9009
3936 3532
3967 13735
3973 2920
4004 1408
4068 3740
4085 5091
4092 2195
4104 7387
4141 2252
4166 13477
4234 7837
4243 13729
4251 10121
4262 9778
4308 3274
4348 6187
4356 4169
4391 4688
4405 4763
4419 5807
4462 10125
4464 14721
4476 742
4530 2945
4534 7585
4557 13218
4569 4375
4581 6266
4647 6511
4740 8104
4754 5392
4757 5436
4766 5114
4766 12557
4805 13496
4806 11636
4826 6097
4875 2851
4911 13761
4931 2252
4945 11869
4950 6744
4971 7304
4976 5456
4982 6570
4993 1258
4995 4740
5008 13427
5028 13299
5076 2412
5076 2568
5100 5497
5119 6974
5206 13526
5207 2945
5215 5656
5257 12508
5264 1631
5391 11431
5393 11455
5412 11346
5426 5436
5429 8343
5429 11868
5457 2804
5521 2842
5537 5091
5537 9334
5607 2508
5644 2433
5687 15027
5717 11206
5719 11045
5746 11202
5746 11217
5768 5701
5823 692
5844 3435
5844 6331
5844 10935
5844 11204
5844 11238
5844 11325
5844 13429
5859 11726
5943 1793
5943 5218
5978 10478
5988 6797
6004 2301
6061 7492
6093 11747
6116 11799
6143 6884
6152 12534
6188 5606
6249 5033
6249 5038
6249 7370
6249 13216
6261 5248
6266 11181
6274 321
6345 11302
6368 6818
6403 4942
6410 3180
6497 11249
6499 48
6499 4199
6500 4676
6517 12355
6537 7719
6623 4129
6768 7618
6803 13638
6820 1918
6841 10278
6859 9142
6866 4
6866 4915
6866 6048
6866 11458
6869 3064
6877 7001
6882 10982
6911 7743
6928 3246
6946 8553
6973 5820
7005 13818
7028 5382
7030 3208
7031 7494
7035 4328
7085 5462
7116 244
7116 5005
7148 6957
7175 8455
7175 12884
7294 4127
7318 0
7318 376
7318 1169
7318 1748
7318 1825
7318 1942
7318 2618
7318 3019
7318 3301
7318 3600
7318 3705
7318 4961
7318 5217
7318 5482
7318 5739
7318 5802
7318 5925
7318 6283
7318 6385
7318 6438
7318 6464
7318 6466
7318 6753
7318 7137
7318 7193
7318 7330
7318 7388
7318 7888
7318 9548
7356 12155
7407 4197
7425 9773
7428 5626
7455 14605
7582 10970
7609 1122
7609 3344
7609 4756
7609 5212
7609 7378
7609 8551
7609 8620
7609 10257
7771 9015
7778 6153
7828 2920
7842 6728
7893 13402
7924 1829
8082 13961
8086 5090
8120 7513
8138 8723
8144 3089
8166 1900
8166 8740
8166 11748
8168 778
8168 2772
8168 3766
8168 4759
8168 5048
8168 5649
8168 6797
8168 10197
8168 10628
8198 6464
8234 3206
8252 12833
8265 9490
8307 9715
8309 6781
8319 1543
8335 4143
8341 3068
8344 10326
8349 5375
8388 4325
8531 4560
8531 5713
8584 6074
8638 10555
8653 3909
8702 11218
8733 8548
8767 7396
8797 216
8801 8039
8802 12527
8803 3678
8809 5153
8868 7652
8912 9874
8917 5646
8917 10797
8921 6651
8978 6826
8999 7396
9009 1288
9028 5488
9041 9464
9055 2951
9078 1408
9078 9613
9081 6153
9088 1418
9126 5422
9149 5217
9184 734
9184 3102
9184 4342
9184 4709
9184 5657
9184 6793
9184 6800
9184 7378
9184 9544
9184 9769
9276 109
9341 5613
9341 6510
9341 8104
9341 8681
9341 10782
9358 6726
9358 9382
9388 5866
9397 8044
9416 9062
9428 9058
9435 4552
9435 9003
9450 488
9479 11049
9525 324
9556 5866
9571 10065
9579 1904
9579 3370
9579 4081
9579 4709
9579 4773
9579 5772
9579 6576
9579 7191
9579 8103
9579 8214
9579 9725
9579 9799
9579 10793
9579 13388
9590 888
9647 5091
9655 14440
9677 8527
9719 12352
9730 4129
9739 6897
9777 3998
9794 1918
9794 3205
9794 3689
9794 3918
9794 4344
9794 4508
9794 5694
9794 5765
9794 5859
9794 6806
9794 7481
9794 7899
9794 8678
9794 9859
9794 10773
9794 12774
9794 12886
9794 14100
9800 6882
9830 12262
9878 5202
9915 11702
9932 9006
9957 4461
9957 7702
9957 12409
10022 10613
10039 5560
10077 3701
10082 176
10098 1407
10132 2812
10187 5424
10240 6878
10262 3400
10299 8780
10360 6720
10439 10278
10455 3852
10455 7365
10490 10017
10491 2656
10539 3741
10556 7573
10568 12199
10618 8325
10621 171
10621 770
10621 772
10621 2964
10621 6190
10621 8154
10668 9062
10771 4487
10801 8280
10806 8978
10978 3550
10989 13020
11024 13767
11029 4961
11086 4306
11091 3998
11164 4927
11282 5628
11282 6426
11319 6854
11339 1433
11339 2330
11339 6810
11390 5497
11470 11533
11616 5808
11757 8971
11757 12939
11766 5606
11773 11764
11844 4571
11853 5217
11853 10499
11853 14751
11875 6575
11895 2895
11905 3859
11915 8707
12056 11431
12056 14143
12067 4967
12238 8852
12279 4196
12281 5560
12287 9424
12361 7563
12476 14767
12523 7375
12534 14772
12534 15127
12608 6884
12672 11008
12721 4379
12758 7310
12862 14787
12907 3740
12910 7893
12925 4129
12970 5436
13018 4942
13020 8792
13118 4143
13209 6088
13314 851
13370 4210
13372 3614
13416 5714
13424 1694
13427 11567
13496 7231
13520 9311
13674 13599
13675 2252
13685 5605
13695 9912
13734 4910
13750 11939
13771 10654
13788 2920
13804 3489
13879 6349
13887 6722
13892 5046
13934 2612
13950 3658
13953 14433
14006 1856
14008 3267
14161 137
14161 189
14161 6464
14161 11193
14184 6098
14205 8185
14259 3318
14278 2497
14278 3851
14278 4228
14278 5755
14278 10248
14278 11779
14320 12044
14322 6168
14411 13084
14445 6722
14447 1122
14625 7127
14643 9216
14674 8776
14699 4210
14869 341
14914 11902
14996 245
14996 2698
14996 3383
14996 3826
14996 3875
14996 4041
14996 4334
14996 4996
14996 5202
14996 5417
14996 5607
14996 5811
14996 6392
14996 6583
14996 6654
14996 6727
14996 6795
14996 7583
14996 7834
14996 9611
14996 10683
14996 11012
14996 13277
14996 13917
15007 4286
15013 11618
15244 5440
15355 8185
15373 4709
15424 6782
15424 10541
15436 3418
15521 9704
15536 3280
15683 7743
15796 6689
15953 3998
15999 226
15999 574
15999 2440
15999 4092
15999 6591
16019 5898
16053 4129
16088 3316
16168 11020
16184 141
16291 6902
16414 5754
16519 2301
16528 7719
16566 7563
16579 5396
16604 5765
16636 6590
16658 1071
16673 3721
16718 12599
16771 11766
16851 969
16851 9466
16874 6689
16897 5772
17000 4771
17001 3550
17067 120
17067 3565
17102 6984
17130 5153
17143 4129
17225 10947
17237 6384
17318 5482
17334 8140
17334 13197
17354 5930
17367 7821
17369 5153
17369 5662
17369 15111
17536 14047
17542 8755
17671 1945
17682 1169
17710 6088
17725 5126
17725 5378
17754 159
17770 11948
17790 3370
17883 1460
17896 5050
17918 13107
17949 7257
17968 11929
18029 12415
18054 4676
18095 6970
18190 4624
18190 9715
18200 5713
18227 4458
18282 5701
18362 13951
18438 14603
18646 9146
18734 4967
18791 13711
18820 3168
18824 5676
18922 10756
19009 4434
19099 2252
19259 9329
19293 1447
19293 2292
19293 4688
19293 8358
19293 11866
19455 7191
19491 617
19510 7372
19566 3548
19643 11939
19651 8000
19670 2359
19732 2920
19856 6466
19942 6189
19999 3381
20006 15085
20107 5026
20179 7023
20197 4277
20206 9062
20228 141
20253 12326
20268 1900
20519 11200
20571 9340
20591 6792
20620 6464
20845 2748
20855 5545
20860 8818
20861 4129
20921 3210
20981 13503
21048 5817
21181 2195
21423 6720
21594 9293
21773 2111
21783 7552
21785 8991
21786 6736
21823 2332
21833 4825
21889 5388
21972 5443
21972 6951
21972 9238
21972 9560
21972 10421
22021 6771
22065 2332
22065 2433
22065 5724
22065 6506
22065 11948
22107 6007
22128 6749
22215 10169
22237 196
22310 5713
22376 9009
22380 7001
22400 5831
22582 8548
22699 5605
22700 4900
22722 6744
22724 10430
22764 6336
22843 2332
22957 1418
22967 141
22994 5644
22994 5791
22994 9681
22994 11218
23004 4328
23091 985
23091 6778
23305 4899
23362 9452
23369 8838
23469 6588
23469 6642
23631 4851
23634 9560
23650 9779
23673 7102
23739 6464
23770 4676
23776 8930
23790 5237
24351 2232
24394 8852
24433 1630
24467 8478
24475 12331
24621 3373
24621 7552
24621 13038
24837 6463
24896 379
24933 4683
24970 9235
25008 9769
25019 3852
25057 4883
25078 9703
25120 7875
25146 3852
25246 1071
25246 4607
25246 5141
25246 9717
25430 4549
25472 4372
25499 4967
25554 6934
25567 7034
26150 5570
26151 5349
26200 141
26213 1523
26213 2689
26213 5034
26213 5139
26213 5657
26213 6506
26213 8084
26213 10274
26269 12918
26445 7124
26485 4495
26527 1442
26573 196
26573 3394
26573 6852
26603 7092
26771 5482
26791 1169
26791 6464
26791 9544
26834 1130
26836 7137
27065 11800
27182 2508
27326 11209
27338 2301
27338 6954
27409 6021
27425 3584
27425 3704
27425 3813
27425 5138
27425 9977
27425 13224
27425 15422
27454 4899
27530 196
27530 1375
27530 2043
27530 2070
27530 5224
27530 5248
27530 5372
27530 5450
27530 5512
27530 5640
27530 5757
27530 5775
27530 6121
27530 6221
27530 6727
27530 8096
27530 8152
27530 9558
27530 10058
27530 12124
27530 14260
27601 7503
27611 1442
27611 8379
27632 7950
27644 2070
27764 9360
27817 2918
27848 6628
27848 9286
27879 9985
27904 5646
