3 208
10 5665
10 8859
30 1071
31 591
34 974
39 1024
97 1918
97 1920
97 10947
108 1545
111 1257
120 1599
120 2239
123 910
124 126
124 276
124 379
158 699
176 2134
188 1507
191 2787
198 354
208 1289
209 351
214 5483
233 627
244 1599
253 875
253 1798
253 4660
271 1071
279 4608
284 14432
290 1354
335 2162
337 362
337 510
337 801
337 1574
337 2073
337 2246
337 2433
337 2635
337 3202
337 3608
345 811
345 1600
358 5434
360 279
364 216
365 1510
365 3351
365 8254
374 746
377 26
377 5550
390 53
403 2755
404 120
404 181
404 189
404 584
404 755
404 1931
420 867
423 0
440 4974
463 2257
477 4028
497 5093
498 2101
501 361
501 782
503 1866
511 851
511 1361
517 5350
528 91
541 1231
542 276
542 439
542 637
542 1383
542 2454
542 4140
542 6520
545 361
554 0
572 247
586 212
586 579
586 1375
586 2271
586 6211
588 8277
605 434
605 1010
616 5357
617 2748
617 3529
617 3552
617 4306
622 6436
627 6765
639 626
643 5102
654 197
654 2168
666 3946
679 1006
683 3019
688 388
688 2991
688 6399
695 791
697 5793
723 785
736 5560
738 184
738 360
738 590
738 753
738 782
738 876
738 901
738 1248
738 1271
738 1545
738 1712
738 1801
738 2044
738 2575
738 2841
738 3027
738 4883
738 4979
738 6085
738 6111
738 6541
738 6837
738 7367
738 8983
738 9241
750 1207
773 2177
780 5034
786 983
786 2754
793 361
794 3788
801 134
802 2692
807 1350
811 5464
811 6241
841 3329
842 9291
854 570
854 5377
855 5384
859 3841
860 4427
866 5420
874 13496
877 2622
877 9218
879 5838
910 5850
919 3523
922 5560
922 6425
995 1390
995 5375
995 7238
995 7281
1013 7038
1022 2667
1035 4969
1048 8005
1053 3523
1059 2712
1079 6448
1088 8272
1088 8273
1119 5357
1119 8203
1121 5626
1144 8273
1165 7129
1174 4974
1174 5237
1174 6710
1174 6936
1179 4895
1188 1585
1211 141
1224 5224
1224 6015
1230 9546
1239 9607
1278 4888
1285 6381
1286 4900
1300 2263
1300 5307
1300 5602
1300 6049
1300 7450
1300 9953
1324 1523
1337 1804
1340 4561
1358 5245
1363 5091
1378 2502
1412 1774
1414 5602
1426 2848
1426 5561
1426 5973
1427 3619
1441 3990
1441 4996
1441 5488
1441 9007
1441 10555
1456 4900
1458 5470
1469 6698
1470 10644
1478 4726
1484 483
1504 5700
1527 5153
1531 242
1549 4925
1554 10853
1559 4879
1559 6308
1593 4961
1593 8051
1627 5560
1643 7872
1665 3876
1671 4945
1677 5115
1677 5409
1697 7257
1741 3673
1752 5469
1756 5148
1762 5217
1780 3594
1780 7430
1787 7705
1826 3477
1852 11593
1868 5382
1888 3020
1888 5235
1888 5353
1923 1071
1926 521
1931 1
1936 4811
1975 32
1975 373
1975 2503
1980 2616
1992 6352
2012 2328
2012 4932
2036 5320
2038 3099
2076 4428
2078 5450
2086 6722
2103 3726
2103 6082
2103 8722
2117 9017
2130 2568
2140 12032
2188 9365
2193 13898
2206 4029
2211 1071
2215 6724
2215 14788
2218 1169
2223 7679
2231 10473
2248 9494
2266 5149
2272 3676
2272 7965
2276 4883
2280 5713
2305 7257
2321 3068
2332 8654
2362 6719
2366 5355
2385 9542
2416 14956
2429 9410
2439 13879
2467 10379
2496 4884
2499 12470
2523 7893
2525 9984
2541 10470
2545 15116
2565 3945
2565 7888
2565 9984
2565 12643
2569 8008
2574 6469
2580 6048
2585 12688
2591 14708
2600 242
2603 3440
2605 14891
2638 12724
2648 4851
2673 10668
2701 12897
2706 4358
2711 3676
2735 305
2737 4228
2741 7397
2750 6381
2756 6782
2760 14529
2783 4120
2783 5729
2785 7374
2788 9468
2805 1810
2806 2447
2821 4829
2834 12144
2866 7495
2866 11260
2893 2830
2893 6743
2893 6934
2893 7073
2932 137
2942 8904
2979 6184
3025 4382
3047 14912
3049 4058
3056 15371
3094 10566
3101 1965
3104 4827
3133 3207
3145 4662
3148 5115
3168 5278
3185 2920
3222 7131
3241 4609
3258 8697
3261 5437
3264 12000
3279 6957
3338 12288
3360 3368
3372 4089
3372 5685
3433 9587
3458 5465
3465 6463
3465 7372
3469 6153
3476 5351
3499 12387
3504 10473
3514 11456
3529 9912
3548 4914
3549 13817
3608 8225
3626 2864
3627 12296
3633 5349
3666 9490
3667 147
3705 2920
3729 8707
3729 9003
3733 5135
3739 5788
3741 4883
3754 3590
3758 1631
3758 11139
3778 9003
3778 9174
3780 7434
3803 8721
3805 212
3841 5713
3858 7198
3879 1752
3889 5403
3889 9710
3889 9991
3889 12506
3889 14736
3892 7661
3910 10618
3927 5480
3933 5470
3933 6972
3941 8215
3968 5665
3970 1016
3981 9008
3982 3377
3997 4910
3998 12285
3998 12939
4017 6611
4025 1112
4025 5628
4055 2956
4069 6642
4079 2266
4081 11050
4093 12447
4101 297
4101 3079
4101 4896
4101 5380
4101 5575
4101 6148
4101 9222
4101 9587
4132 4279
4132 8098
4132 8270
4132 13271
4135 1216
4142 8898
4146 2301
4194 7488
4198 3805
4198 4833
4198 5583
4210 1523
4234 6469
4258 12180
4258 13165
4270 11871
4289 4668
4297 6310
4297 12806
4333 12122
4333 12595
4338 2920
4339 11200
4363 13515
4374 11431
4377 6852
4386 9494
4386 11870
4386 12122
4386 13769
4386 14113
4386 14713
4418 13696
4419 5825
4419 9159
4470 2093
4487 5470
4491 8814
4497 9013
4500 6007
4509 4089
4526 4851
4549 5617
4552 3917
4559 2267
4559 4910
4569 4375
4575 2503
4613 4842
4613 5141
4613 5469
4613 7138
4623 2752
4654 10473
4671 3956
4694 5713
4702 5470
4708 12387
4714 7230
4714 12582
4716 9174
4724 1230
4740 6683
4791 10972
4813 4089
4827 7488
4835 5606
4845 551
4855 2516
4855 9001
4857 2150
4869 13907
4887 4129
4887 6884
4906 5713
4906 5931
4906 12647
4912 7707
4950 11194
4966 13376
4972 2249
4973 4560
4973 9490
4976 5375
4981 10349
5014 14673
5029 6683
5039 8716
5060 8658
5076 872
5110 710
5110 12333
5115 2271
5146 3686
5146 5041
5217 5656
5222 5351
5222 8948
5225 5378
5236 8044
5248 1656
5264 1631
5272 1648
5283 6302
5284 6891
5294 4974
5294 9468
5297 4258
5297 7029
5303 3938
5303 5730
5303 6957
5303 11431
5303 12490
5303 12806
5303 14012
5306 12623
5362 12903
5363 7695
5364 6324
5364 6448
5364 7728
5402 6226
5413 324
5418 5360
5433 6974
5454 3368
5459 9964
5466 3917
5483 9490
5522 4129
5522 12438
5524 10832
5537 14579
5544 13709
5552 11278
5569 5465
5583 6727
5587 1016
5590 11432
5623 9738
5627 7965
5687 15027
5705 6590
5708 12044
5724 11993
5738 4516
5742 11050
5752 1959
5759 5329
5759 14983
5766 2302
5766 3491
5766 4981
5766 7134
5803 4222
5803 6339
5803 6352
5803 12782
5816 9707
5824 3265
5832 9707
5835 10277
5840 12310
5844 10782
5890 4171
5922 6377
5929 270
5935 13160
5943 11644
5954 11252
5954 11636
6003 7392
6028 4089
6033 1878
6033 4981
6033 7773
6033 10471
6061 11232
6063 5480
6063 7816
6068 9186
6075 216
6100 6721
6106 4129
6122 5745
6132 15281
6162 5712
6182 11187
6185 6329
6188 12574
6196 12939
6202 281
6207 9213
6230 9404
6268 11865
6289 3477
6295 1570
6298 11398
6300 6416
6311 9046
6311 12151
6311 14034
6320 4331
6347 3301
6368 1515
6378 5104
6406 13215
6412 6720
6412 12121
6416 12387
6467 4495
6468 7618
6507 12501
6507 13792
6507 14518
6507 15146
6604 1452
6610 2516
6610 11849
6676 13701
6682 2737
6682 13424
6699 5713
6699 12438
6710 11868
6711 5762
6720 307
6736 9473
6751 11366
6767 9272
6767 9587
6783 8183
6783 9253
6783 12849
6787 625
6805 7198
6805 13767
6833 6874
6896 4888
6896 6087
6906 5217
6908 734
6908 4836
6914 2920
6932 9364
6973 8721
6978 7486
6999 1881
7022 11331
7022 11628
7033 7299
7058 2920
7114 11200
7168 5217
7193 8696
7197 7051
7216 3511
7224 6000
7266 12501
7266 15072
7271 3565
7280 7000
7286 11790
7298 1429
7306 1440
7306 5469
7306 6292
7306 6626
7306 6816
7318 4801
7331 2240
7331 8414
7331 9769
7361 4461
7408 5503
7412 5510
7439 6658
7440 3909
7440 4965
7440 6784
7457 854
7498 6463
7505 3643
7509 14296
7526 9549
7543 12729
7568 11295
7598 6900
7610 5348
7625 11971
7629 6986
7645 11873
7654 3180
7687 8
7687 307
7691 6911
7697 14093
7703 887
7703 2268
7721 5713
7726 6448
7738 2359
7738 5535
7773 3120
7789 4868
7790 5130
7792 6900
7844 9377
7851 5136
7861 3717
7861 4199
7861 5224
7861 5775
7861 7662
7894 744
7929 4676
7929 6010
7929 12335
7970 5496
7984 4409
7993 808
8026 8686
8036 218
8075 4089
8075 6448
8095 12490
8104 9490
8110 6720
8120 551
8120 1624
8120 1926
8120 2349
8120 3068
8120 8264
8120 8294
8120 8386
8120 8390
8120 10077
8120 13684
8120 14313
8138 5149
8140 4699
8140 12407
8142 6313
8144 5730
8153 6223
8163 5560
8174 7541
8185 12333
8197 2996
8197 6010
8197 6952
8197 7707
8197 11843
8204 9897
8208 5456
8208 6729
8235 5363
8279 6377
8292 9542
8308 6316
8311 7589
8330 12284
8350 5444
8364 218
8367 2332
8369 2345
8370 12263
8380 12360
8424 6448
8431 3676
8443 6506
8448 2920
8457 6313
8474 6814
8491 9481
8506 3440
8526 2737
8534 3741
8548 4359
8548 12280
8548 14098
8548 15314
8555 2128
8571 5664
8575 7872
8590 11849
8607 9463
8615 8352
8638 10555
8639 8
8651 7112
8653 7828
8653 9008
8653 9272
8686 5713
8690 6891
8690 10279
8731 4092
8741 6463
8766 8140
8767 7396
8770 4517
8778 9491
8778 12144
8801 5139
8802 4409
8804 599
8814 7375
8819 5713
8819 12111
8849 7365
8851 6316
8881 8901
8901 1567
8901 2440
8901 3565
8901 6882
8901 9548
8919 5628
8926 5986
8947 1918
8947 4974
8947 6900
8949 13271
8967 2737
8967 3023
8970 11973
8976 4286
8976 9174
8981 12020
8982 6720
9057 10306
9057 14139
9070 4607
9074 3318
9074 7139
9097 5672
9106 2616
9114 13785
9122 5730
9142 12079
9142 12387
9142 13420
9155 5602
9155 14626
9177 12094
9178 5217
9186 8906
9202 11808
9221 5470
9239 1965
9239 2077
9239 2356
9239 2359
9239 5989
9239 6463
9239 12918
9243 1724
9243 14655
9296 7587
9308 3676
9331 628
9331 2737
9331 3496
9331 4851
9331 5463
9358 9382
9364 13084
9365 5729
9380 12917
9402 4527
9410 5807
9412 2898
9422 2956
9422 4801
9422 4972
9425 3998
9425 4667
9496 4350
9514 6835
9521 2920
9539 5485
9556 7714
9572 10566
9655 5926
9670 5098
9671 6683
9713 4900
9732 2743
9732 5217
9732 5713
9734 5729
9772 13585
9777 3511
9777 9002
9792 12915
9796 8707
9796 11993
9796 13376
9801 6207
9828 2188
9828 6993
9831 4558
9862 8044
9887 15150
9912 13107
9923 2804
9941 12443
9957 265
9957 3643
9957 9405
9957 12409
9960 6882
9983 1600
9984 6661
9987 2864
10052 2956
10055 4833
10063 382
10063 8722
10073 6343
10115 7567
10126 9213
10150 7939
10165 3461
10165 5139
10183 6689
10240 13084
10248 3896
10274 6116
10299 1061
10301 2661
10306 6448
10306 10914
10306 13089
10331 9697
10339 10473
10344 3479
10355 14919
10366 3079
10368 1385
10388 1781
10396 788
10402 5615
10407 3474
10420 12527
10424 2737
10463 12808
10469 5217
10473 7137
10484 7307
10495 6448
10524 2920
10533 10515
10545 5026
10566 9715
10570 2630
10577 6241
10604 6654
10620 6324
10641 6463
10667 7799
10711 5122
10711 6784
10711 7110
10739 12076
10767 1358
10770 799
10777 11971
10796 7034
10823 2
10849 3368
10857 6689
10930 4089
10935 6510
10940 6010
10940 6310
10940 6448
10967 5782
10978 4956
11000 605
11000 1346
11000 4851
11000 5360
11000 6000
11011 11708
11029 6968
11050 4974
11057 11768
11088 2332
11091 5348
11091 5605
11117 4910
11121 4409
11121 11361
11121 12490
11139 9702
11140 6448
11158 8570
11232 2295
11351 4656
11366 3461
11381 13799
11405 4036
11410 6188
11435 2956
11435 9003
11460 3274
11492 4440
11509 5782
11509 6591
11509 6727
11545 2746
11574 2920
11575 2292
11591 3091
11608 8696
11609 5745
11666 12083
11765 1712
11801 382
11801 5749
11836 12085
11846 4409
11853 3562
11853 4884
11857 4910
11899 2920
11913 6316
11950 4286
11955 9490
11963 10058
11963 11676
11963 14650
11975 4979
11993 5614
12001 2926
12010 6804
12015 12819
12029 6118
12056 9697
12090 14735
12093 851
12094 6785
12104 2670
12114 2920
12133 2920
12133 3741
12150 3461
12200 14424
12208 2006
12217 1831
12231 12565
12241 1515
12244 7707
12251 9001
12283 6042
12289 4886
12289 11764
12289 12143
12311 2616
12321 3652
12374 12180
12375 6469
12401 2440
12406 10473
12432 2301
12448 4020
12459 4179
12478 12304
12479 12802
12504 3511
12505 7489
12529 644
12529 3523
12529 5025
12532 4914
12532 7589
12559 7115
12569 9174
12574 9009
12604 9623
12629 4884
12680 872
12680 4040
12704 5425
12714 6904
12749 9494
12758 3911
12758 5130
12758 5613
12797 11851
12798 12825
12811 6782
12835 6612
12859 12360
12859 12542
12859 12962
12859 13453
12862 14787
12871 13424
12897 11041
12925 2920
12935 2503
12942 10542
12950 12076
12970 4558
12975 2929
13007 6984
13049 268
13117 4487
13118 13251
13197 3909
13227 576
13230 4535
13230 5058
13258 7509
13260 10473
13312 14524
13335 6753
13364 2920
13370 2920
13370 3374
13370 4210
13371 6320
13423 6570
13426 6007
13427 5969
13427 6736
13460 10322
13479 5217
13532 5141
13547 6591
13551 909
13551 2271
13551 4036
13560 3403
13561 3741
13601 5560
13605 6642
13640 12881
13642 6153
13646 2612
13650 5560
13685 5605
13685 12185
13712 5469
13734 270
13734 2956
13734 4676
13734 4910
13734 4967
13734 5114
13734 5480
13734 8707
13734 11850
13734 12460
13750 3498
13760 11200
13796 8722
13799 13952
13810 4
13818 6421
13820 3511
13823 8881
13834 2737
13834 9002
13850 8095
13854 13084
13888 9016
13903 4058
13928 9107
13934 2612
13935 6683
13935 12332
13971 3741
13971 8722
13984 5217
14010 4365
14024 12121
14052 13118
14057 4463
14060 4
14060 8
14060 307
14060 851
14060 984
14060 1856
14060 3437
14060 3469
14060 4851
14060 5026
14060 5560
14060 5685
14060 6226
14060 6448
14060 6719
14060 7114
14060 7486
14077 9490
14082 2737
14084 4709
14131 5102
14160 4409
14160 6651
14160 7033
14160 9026
14160 9534
14160 12088
14163 11800
14258 5115
14280 2159
14281 6283
14295 4900
14333 6159
14333 6804
14347 3849
14348 9712
14358 8989
14368 3964
14374 6972
14420 3746
14420 3841
14420 9095
14420 9100
14420 10296
14420 10971
14422 12387
14453 3671
14453 4269
14453 10419
14471 3836
14516 6203
14547 8654
14556 9427
14589 3676
14625 5482
14625 13922
14632 7000
14661 6318
14674 5124
14674 6987
14685 5626
14687 7707
14781 13377
14786 2301
14786 11889
14801 8202
14801 11200
14811 8707
14811 14208
14842 5364
14879 5480
14896 3851
14920 4210
14942 5450
14943 9133
14961 8182
14961 12819
14999 4358
15007 4406
15035 212
15065 2153
15070 5697
15161 12779
15283 11000
15294 4447
15305 2920
15305 5069
15317 4299
15327 6336
15361 10067
15369 120
15377 4210
15397 5711
15407 4828
15421 8030
15444 6161
15451 2301
15521 7796
15573 3956
15582 5463
15589 1781
15603 5140
15605 3562
15650 4900
15655 2748
15686 5470
15692 808
15700 7396
15701 4556
15712 9427
15716 14935
15718 6413
15751 9148
15776 3274
15776 5782
15783 852
15789 9003
15840 7186
15845 2973
15868 12333
15921 12939
15972 5818
16011 9175
16125 2920
16126 4883
16161 5118
16191 5141
16216 7707
16239 12918
16249 5925
16287 14167
16291 3059
16328 5114
16342 12647
16342 13171
16358 2915
16372 13539
16410 10303
16420 5765
16439 8570
16458 8358
16461 13423
16471 3034
16477 5877
16479 10540
16483 5470
16511 11132
16525 6951
16536 7019
16536 10710
16536 12084
16536 13350
16566 4143
16609 5606
16637 6683
16668 120
16705 625
16736 2630
16794 9392
16821 5497
16844 4129
16899 7707
16910 5382
16915 5470
16936 1812
16937 2920
16956 3051
16956 5005
16963 4020
16963 4910
16966 12293
16992 1016
16994 9466
16999 7375
17010 10758
17020 11297
17090 1830
17090 6942
17090 7378
17090 9046
17136 217
17143 4129
17168 5713
17206 6297
17215 7114
17222 217
17222 3956
17222 6654
17222 9003
17222 9427
17222 9552
17222 11971
17222 12312
17271 2920
17274 4931
17289 9251
17289 10028
17289 11200
17289 12353
17289 12915
17289 13084
17289 13534
17289 13633
17295 3537
17311 7504
17321 4607
17376 12540
17438 6448
17440 6722
17542 5564
17542 7653
17542 8917
17542 11600
17600 4606
17600 6226
17611 7724
17616 12380
17699 9108
17727 1600
17744 9357
17774 11885
17780 2973
17826 4097
17888 5382
17911 5483
17919 2737
17919 10619
17919 12081
17952 4888
17979 10176
17983 8081
17999 5005
18017 4915
18017 8513
18025 6226
18038 9549
18038 11431
18038 13115
18038 13534
18050 5713
18070 1442
18080 14919
18094 4129
18094 6010
18107 381
18107 3461
18107 6381
18107 6852
18107 7003
18107 7548
18107 14404
18114 2851
18136 6469
18314 6498
18320 3741
18353 7743
18361 2624
18454 12180
18511 2920
18514 12180
18514 13115
18592 5485
18619 2920
18655 9466
18709 7993
18750 11781
18778 12083
18804 2503
18870 4826
18890 244
18901 14390
18905 13115
18922 9620
18923 12199
18960 6638
18982 8027
18986 6642
18992 5560
19007 4558
19022 2737
19036 4092
19036 14483
19051 4619
19051 9174
19051 13106
19065 2920
19066 6007
19078 8774
19141 2249
19192 2920
19192 4129
19241 6689
19252 6799
19257 5713
19258 8570
19380 11200
19415 4895
19422 5007
19445 5122
19470 10415
19510 7372
19532 5462
19549 5591
19582 4974
19599 5436
19599 8905
19634 3956
19643 3461
19732 2920
19732 5606
19751 9490
19769 11890
19777 11200
19788 7364
19832 5070
19855 9213
19963 8904
19971 4558
20028 4967
20050 5008
20071 8987
20075 4967
20075 6463
20099 10473
20143 644
20143 13016
20143 13884
20169 2373
20193 7816
20258 8270
20268 1900
20271 5818
20305 4378
20313 5463
20330 379
20330 2851
20359 4358
20389 5363
20418 4974
20441 7209
20443 14963
20444 12593
20447 5714
20454 5470
20489 9518
20496 9235
20497 2301
20497 2920
20497 4409
20511 1071
20528 381
20528 4883
20528 5712
20528 11849
20532 6954
20536 3741
20540 8752
20592 6964
20605 8008
20620 4491
20620 6464
20637 4974
20647 5028
20670 6733
20745 9062
20752 3562
20752 5140
20752 5544
20794 3377
20807 1810
20807 4762
20841 4516
20841 7677
20861 4129
20873 4184
20873 4465
20873 6310
20925 5713
20943 11808
20945 7193
20948 888
20952 3437
20986 939
21014 7003
21041 228
21041 6463
21062 4060
21065 5115
21139 5026
21140 6950
21144 2301
21144 5417
21154 1
21162 14845
21252 6950
21289 12081
21301 4558
21318 11552
21331 11962
21409 11252
21422 2551
21427 4256
21427 4974
21427 10521
21468 12121
21493 1071
21493 4883
21574 2920
21589 6792
21623 1109
21637 4101
21640 270
21640 5712
21656 6010
21668 3741
21700 13215
21713 4196
21717 6241
21737 6952
21744 766
21744 6835
21744 8898
21819 3590
21831 6226
21941 6448
21941 9272
21941 11529
21981 8178
21993 120
21993 6007
22057 1335
22065 3741
22149 6448
22161 5369
22199 4819
22233 9112
22245 5745
22249 12681
22302 11889
22338 2616
22365 4979
22368 501
22368 5596
22368 5606
22368 6588
22368 7191
22368 8153
22368 8755
22368 9113
22368 11003
22376 10566
22380 1831
22388 120
22409 217
22423 9008
22528 187
22532 510
22586 2748
22595 4991
22633 3437
22669 11100
22674 8898
22699 8707
22724 8
22734 5098
22745 909
22745 2308
22773 854
22802 3676
22812 10383
22820 7033
22863 2920
22870 2920
22900 3676
22932 5859
22942 2332
22942 9466
22951 8794
22976 4836
23005 9112
23013 6720
23017 9874
23035 4358
23067 4040
23087 6986
23106 197
23106 6466
23116 2006
23166 1169
23189 5026
23282 2301
23320 2920
23379 7488
23471 8818
23593 6448
23651 2920
23731 376
23761 7375
23798 2963
23799 8449
23862 6450
23903 1728
23903 5217
23910 14044
24025 2639
24036 4961
24059 3956
24087 5470
24105 6223
24118 5563
24231 250
24268 6509
24353 9233
24369 11292
24392 376
24416 4974
24463 10278
24463 13974
24487 6632
24507 5560
24517 587
24517 6098
24519 3741
24531 1169
24553 3741
24600 2235
24600 3565
24637 2851
24644 9895
24663 9715
24668 4967
24690 11100
24730 12333
24733 5450
24753 10947
24753 12800
24829 5104
24837 5477
24872 6153
24896 10470
24911 305
24916 14747
24933 8273
25024 9558
25024 12527
25051 5478
25069 8449
25074 9712
25075 925
25107 4910
25113 2929
25113 5712
25113 6720
25120 4143
25220 7993
25245 1514
25245 4705
25245 8283
25321 7276
25322 1071
25333 844
25376 9394
25390 7771
25403 5560
25472 2309
25479 4826
25485 254
25511 2227
25591 2851
25623 6349
25654 4625
25671 5480
25741 6464
25913 8
25930 1175
26060 2301
26069 9475
26080 5470
26101 6080
26108 5643
26126 12809
26132 2301
26149 4974
26183 6296
26189 8838
26189 9549
26216 494
26230 5712
26375 15382
26410 242
26459 2301
26493 7284
26493 9717
26530 1460
26530 4967
26530 6466
26530 8449
26530 9020
26552 2462
26598 11552
26601 5745
26608 4851
26673 7104
26791 908
26791 1169
26791 1418
26791 2920
26791 3565
26791 3676
26791 4883
26791 4915
26791 6464
26791 6852
26791 8681
26791 9544
26791 12331
26836 7137
26840 9703
26842 153
26900 12306
26917 5028
26925 8818
26930 6381
26941 1752
26965 167
26965 1428
26965 6900
26965 8270
27003 8654
27023 11309
27023 13895
27027 2920
27061 6448
27104 2528
27104 12579
27152 7110
27181 1761
27200 5450
27227 8008
27243 13350
27275 244
27277 7552
27293 2920
27298 10473
27339 4558
27377 8654
27385 7220
27391 4974
27394 2920
27421 9887
27431 3958
27433 2271
27465 8746
27484 5424
27485 5352
27515 5026
27523 591
27530 2301
27530 5224
27530 5372
27549 7419
27589 1213
27595 3832
27597 11078
27601 3180
27611 5656
27650 7313
27680 8378
27683 8890
27702 8096
27744 6630
27752 8274
27763 7680
27770 8153
27770 8922
27778 187
27816 5386
27825 10783
27863 10000
27879 13711
27884 4040
27893 5560
27939 4620
