3 208
10 3590
10 4598
10 4658
10 5665
10 8859
27 4900
30 1071
31 591
34 974
39 1024
40 4172
42 2345
49 1182
70 1547
78 2389
92 846
92 908
92 1774
92 1868
92 1869
97 1918
97 1920
97 10947
108 1545
111 1257
117 2167
117 8874
120 1599
120 2239
123 910
124 126
124 276
124 379
124 1120
138 223
150 10627
158 699
158 901
176 2134
188 1507
191 183
191 2787
198 354
204 2871
208 1289
208 2963
209 351
214 5483
233 627
242 12857
244 1599
253 875
253 1798
253 4660
271 1071
279 4608
284 14432
290 1354
320 1513
328 2494
335 2162
337 362
337 510
337 801
337 1574
337 2073
337 2246
337 2433
337 2635
337 3202
337 3608
345 811
345 1600
358 5434
360 279
364 216
365 1510
365 3127
365 3351
365 3590
365 5783
365 6699
365 7158
365 8254
365 9871
368 6307
374 746
377 26
377 5550
389 1348
390 53
390 3721
403 2755
404 120
404 181
404 184
404 189
404 584
404 755
404 1931
405 15155
413 47
413 150
413 189
413 329
413 824
413 2222
413 3855
413 3856
420 867
423 0
429 504
439 435
440 4974
454 112
463 2257
464 170
473 724
473 1030
477 4028
497 5093
498 2101
501 361
501 782
503 1866
505 2799
506 5847
511 851
511 1361
517 5350
520 910
528 91
539 811
541 1231
542 276
542 439
542 637
542 1383
542 2454
542 4140
542 6520
545 361
550 2761
554 0
565 2
572 247
583 3260
586 212
586 579
586 1375
586 2271
586 6211
588 8277
596 1472
596 6201
605 434
605 1010
605 2435
605 3012
608 1138
608 1973
616 5357
617 2748
617 3529
617 3552
617 4306
622 6436
627 6765
635 4209
639 626
643 5102
654 197
654 1008
654 1044
654 1810
654 2168
666 3946
679 1006
682 287
683 3019
688 388
688 2991
688 6399
695 791
697 4962
697 5793
723 785
736 5560
738 184
738 360
738 590
738 753
738 782
738 876
738 901
738 1248
738 1271
738 1545
738 1712
738 1801
738 2044
738 2575
738 2841
738 3027
738 4883
738 4979
738 6085
738 6111
738 6541
738 6837
738 7367
738 8983
738 9241
744 6181
750 1207
750 2965
755 7919
773 2177
780 5034
782 1229
786 983
786 2754
793 361
794 3788
801 134
802 2692
807 1350
808 5754
811 5464
811 6241
813 4598
813 7236
813 7456
813 9079
813 9780
841 3329
841 5028
842 9291
846 1636
854 570
854 3813
854 3925
854 5154
854 5377
855 5384
859 3841
860 4427
866 5420
874 139
874 13496
877 2622
877 9218
879 5838
888 4972
892 1046
910 5850
919 3523
922 5560
922 6425
975 7038
995 373
995 1164
995 1390
995 4456
995 5091
995 5375
995 5628
995 5711
995 7238
995 7252
995 7272
995 7278
995 7281
1010 6720
1013 7038
1022 2667
1024 5827
1035 4969
1045 5628
1048 8005
1051 4221
1053 3523
1059 2712
1068 8110
1079 6448
1088 8272
1088 8273
1119 5357
1119 8203
1121 5626
1130 5010
1138 7252
1143 2332
1143 5497
1144 3744
1144 3841
1144 6902
1144 6947
1144 8273
1144 9091
1156 3852
1157 7414
1165 7129
1174 4974
1174 5237
1174 6710
1174 6936
1179 4895
1187 4902
1188 1585
1203 9368
1211 141
1223 3554
1224 5224
1224 6015
1230 9546
1239 9607
1245 5028
1255 196
1278 4888
1285 2667
1285 6381
1286 4900
1288 2484
1300 2263
1300 5307
1300 5602
1300 6049
1300 7450
1300 9953
1308 9088
1324 1523
1334 2113
1335 8277
1337 1804
1340 4561
1344 5662
1358 5245
1363 5091
1378 2502
1408 1121
1412 1774
1414 5602
1426 2848
1426 5561
1426 5973
1427 3619
1439 1920
1441 3990
1441 4996
1441 5488
1441 9007
1441 10555
1452 5729
1456 4900
1458 1963
1458 5470
1458 10196
1469 6698
1470 10644
1476 5151
1478 4726
1484 483
1504 5700
1511 10897
1514 3537
1527 5153
1531 242
1532 6837
1533 5143
1543 7734
1549 4925
1554 10853
1559 4879
1559 6308
1593 4961
1593 8051
1627 5560
1643 7872
1664 1939
1664 5028
1665 2024
1665 3876
1671 4945
1677 5115
1677 5409
1696 3557
1696 4974
1696 5469
1696 6286
1696 7652
1696 9058
1697 7257
1739 7001
1741 3673
1752 5469
1756 5148
1762 5217
1780 3594
1780 7430
1787 7705
1826 3477
1829 6484
1851 6996
1852 11593
1868 5382
1872 6488
1875 11534
1880 7971
1888 3020
1888 5235
1888 5353
1896 7635
1900 6482
1911 8664
1923 1071
1926 521
1926 5646
1931 1
1936 4811
1975 32
1975 373
1975 2503
1980 2616
1985 11799
1992 6352
2012 2328
2012 4932
2036 5320
2038 3099
2038 5427
2070 4910
2076 4428
2078 5450
2082 5151
2086 6722
2103 3726
2103 6082
2103 8722
2117 9017
2130 2568
2139 217
2140 12032
2171 9505
2188 9365
2193 13898
2206 4029
2211 1071
2215 6724
2215 14788
2218 1169
2223 7679
2224 781
2231 10473
2239 3218
2248 9494
2266 5149
2272 3676
2272 7965
2276 4883
2280 5713
2305 7257
2305 11012
2306 6878
2321 3068
2332 8654
2344 2920
2362 6719
2365 11851
2366 5355
2379 3589
2385 5414
2385 9542
2404 4972
2415 26
2416 14956
2417 9569
2429 9410
2439 13879
2457 7294
2467 10379
2496 4884
2499 12470
2506 5605
2523 4169
2523 7893
2525 9984
2535 64
2535 262
2541 10470
2545 15116
2565 3945
2565 7888
2565 9467
2565 9984
2565 12643
2569 8008
2574 6469
2580 6048
2585 12688
2591 14708
2600 242
2603 3440
2605 14891
2638 12724
2648 4851
2665 5790
2673 10668
2678 11851
2701 12897
2706 4358
2711 3676
2715 6387
2735 305
2737 4228
2741 7397
2749 2161
2750 6381
2756 6782
2760 14529
2783 4120
2783 5729
2785 7374
2788 9468
2805 1810
2806 2447
2821 4829
2822 7757
2834 12144
2866 7495
2866 11260
2893 2830
2893 6743
2893 6934
2893 7073
2894 4925
2896 9852
2896 11364
2905 11363
2919 798
2919 1360
2919 1386
2919 1781
2919 2135
2919 2748
2919 2864
2919 4066
2919 4757
2919 4896
2919 5155
2919 5497
2919 5502
2919 6082
2919 6148
2919 6385
2919 6448
2919 7193
2919 7773
2919 9174
2919 9542
2919 10542
2919 11120
2919 11870
2919 11996
2932 137
2934 8010
2934 8079
2939 6375
2942 8904
2979 6184
3025 4073
3025 4382
3042 784
3047 14912
3049 4058
3056 15371
3094 10566
3094 11880
3101 1965
3104 4827
3133 3207
3145 4662
3148 5115
3167 1918
3168 5278
3184 5605
3185 2920
3222 7131
3241 4609
3241 5707
3252 6310
3258 8697
3261 5437
3264 12000
3279 6957
3290 3610
3290 4211
3290 4308
3290 6792
3290 6797
3290 7377
3323 5360
3337 6098
3338 12288
3360 3368
3372 4089
3372 5685
3373 2407
3433 9587
3458 5465
3465 6463
3465 7372
3469 6153
3476 5351
3499 12387
3504 10473
3514 11456
3529 9912
3543 12271
3548 4914
3549 13817
3585 4981
3604 12305
3608 8225
3617 4578
3626 2864
3627 12296
3633 5349
3638 10268
3646 2006
3647 7374
3666 9490
3667 147
3667 4227
3684 4199
3701 2920
3705 2920
3718 2860
3729 8707
3729 9003
3733 5135
3734 5925
3739 5788
3739 10312
3741 4883
3754 3590
3758 1631
3758 11139
3778 9003
3778 9174
3780 7434
3781 4935
3803 8721
3805 212
3826 1036
3841 5713
3851 6998
3858 7198
3863 2920
3879 1752
3889 5403
3889 9710
3889 9991
3889 12506
3889 14736
3890 7001
3892 7661
3893 1322
3905 1332
3905 9779
3910 9009
3910 10618
3927 5480
3933 5470
3933 6972
3936 3532
3941 8215
3967 13735
3968 5665
3970 1016
3973 2920
3981 9008
3982 3377
3997 4910
3998 12285
3998 12939
4004 1408
4017 6611
4025 1112
4025 5628
4028 6880
4055 2956
4068 3740
4069 6642
4079 2266
4081 11050
4085 5091
4092 2195
4093 12447
4101 297
4101 3079
4101 4896
4101 5380
4101 5575
4101 6148
4101 9222
4101 9587
4101 10134
4104 7387
4132 4279
4132 8098
4132 8270
4132 13271
4135 1216
4141 2252
4142 8898
4146 2301
4166 13477
4194 7488
4194 11942
4194 12335
4198 3805
4198 4833
4198 5583
4210 1523
4234 6469
4234 7837
4243 13729
4251 10121
4258 12180
4258 13165
4260 5122
4262 9778
4270 11871
4289 4668
4297 6310
4297 12806
4308 3274
4333 12122
4333 12595
4338 2252
4338 2920
4339 11200
4348 6187
4356 4169
4363 13515
4374 11431
4377 6852
4386 9494
4386 11870
4386 12122
4386 13769
4386 14113
4386 14713
4391 4688
4405 4763
4418 13696
4419 5807
4419 5825
4419 9159
4429 6689
4462 10125
4464 14721
4470 2093
4476 742
4487 5470
4489 10972
4491 8814
4497 9013
4500 6007
4509 4089
4526 4851
4530 2945
4534 7585
4549 5617
4552 3917
4557 13218
4559 2267
4559 4910
4569 4375
4573 5628
4575 2503
4581 6266
4613 4842
4613 5141
4613 5469
4613 7138
4623 2752
4647 6511
4654 10473
4671 3956
4694 5713
4702 5470
4708 12387
4712 13761
4714 7230
4714 12582
4716 9174
4724 1230
4740 6683
4740 8104
4754 5392
4757 5436
4766 5114
4766 12557
4791 10972
4805 13496
4806 11636
4813 2602
4813 4089
4826 6097
4827 7488
4835 5606
4845 551
4855 2516
4855 9001
4857 2150
4869 13907
4875 2851
4887 4129
4887 6884
4906 5713
4906 5931
4906 12647
4911 13761
4912 7707
4931 2252
4934 12751
4945 11869
4950 6744
4950 11194
4966 13376
4971 7304
4972 2249
4973 4560
4973 9490
4976 5375
4976 5456
4981 10349
4982 6570
4993 1258
4995 4740
5008 13427
5014 14673
5028 13299
5029 6683
5039 8716
5060 8658
5076 872
5076 2412
5076 2568
5076 6591
5100 5497
5110 710
5110 12333
5115 2271
5119 6974
5146 3686
5146 5041
5206 13526
5207 2945
5215 5656
5217 5656
5222 5351
5222 8948
5225 5378
5236 8044
5248 1656
5257 12508
5264 1631
5272 1648
5283 6302
5284 6891
5294 4974
5294 9468
5297 4258
5297 7029
5303 3938
5303 5730
5303 6957
5303 11431
5303 12490
5303 12806
5303 14012
5306 12623
5362 12903
5363 7695
5364 6324
5364 6448
5364 7728
5391 11431
5393 11455
5402 6226
5412 11346
5413 324
5418 5360
5426 5436
5429 8343
5429 11868
5433 6974
5454 3368
5457 2804
5459 9964
5466 3917
5483 9490
5521 2842
5522 4129
5522 12438
5524 10832
5532 4554
5537 5091
5537 9334
5537 14579
5544 13709
5552 11278
5569 5465
5583 6727
5587 1016
5590 11432
5607 2508
5623 9738
5627 7965
5644 2433
5681 5656
5681 10029
5681 11522
5687 15027
5705 6590
5708 12044
5717 11206
5719 11045
5724 11993
5738 4516
5742 11050
5746 2260
5746 11202
5746 11217
5752 1959
5759 5329
5759 14983
5766 2302
5766 3491
5766 4981
5766 7134
5768 5701
5803 4222
5803 6339
5803 6352
5803 12782
5816 9707
5823 692
5824 3265
5832 9707
5835 10277
5840 12310
5844 3435
5844 6331
5844 10782
5844 10935
5844 11204
5844 11238
5844 11325
5844 13429
5859 11726
5879 10036
5890 4171
5922 6377
5929 270
5935 13160
5943 1793
5943 5218
5943 6477
5943 11535
5943 11644
5954 11252
5954 11636
5978 10478
5988 6797
6003 7392
6004 2301
6028 4089
6033 1878
6033 4981
6033 6087
6033 7773
6033 10471
6061 7492
6061 11232
6063 5480
6063 7816
6068 9186
6070 11869
6075 216
6093 11747
6100 6721
6106 4129
6116 11799
6122 5745
6132 15281
6143 6884
6152 12534
6162 5712
6182 11187
6185 6329
6188 5606
6188 12574
6196 12939
6202 281
6207 9213
6230 9404
6249 5033
6249 5038
6249 7370
6249 13216
6257 11367
6261 5248
6266 11181
6268 11865
6274 321
6289 3477
6295 1570
6298 11398
6300 6416
6311 9046
6311 12151
6311 14034
6320 4331
6345 9204
6345 11302
6347 3301
6368 1515
6368 6818
6378 5104
6403 4942
6406 13215
6410 3180
6412 6720
6412 12121
6416 12387
6467 4495
6468 7618
6497 11249
6499 48
6499 4199
6500 4676
6507 12501
6507 13792
6507 14518
6507 15146
6517 12355
6527 2090
6537 7719
6604 1452
6610 2516
6610 11849
6613 985
6613 7773
6623 4129
6643 324
6676 13701
6682 2737
6682 13424
6699 5713
6699 12438
6710 11868
6711 5762
6720 307
6736 9473
6736 9542
6751 11366
6767 9272
6767 9587
6768 7618
6783 8183
6783 9253
6783 12849
6787 625
6803 13638
6805 7198
6805 13767
6820 1918
6833 6874
6841 10278
6859 9142
6866 4
6866 3511
6866 4915
6866 6010
6866 6048
6866 11458
6866 11483
6869 3064
6877 7001
6882 10982
6895 8427
6896 4888
6896 6087
6906 5217
6908 734
6908 4836
6911 7743
6914 2920
6928 3246
6932 9364
6946 8553
6973 5820
6973 8721
6978 7486
6990 5032
6999 1881
7005 13818
7022 11331
7022 11628
7028 5382
7030 3208
7031 7494
7033 7299
7035 4328
7058 2920
7085 5462
7114 11200
7116 244
7116 5005
7148 6957
7168 1812
7168 2195
7168 2956
7168 5217
7168 6280
7175 8455
7175 12884
7193 8696
7197 7051
7216 3511
7224 6000
7231 6185
7266 12501
7266 15072
7271 3565
7280 7000
7286 11790
7294 4127
7298 1429
7306 1440
7306 5469
7306 6292
7306 6626
7306 6816
7318 0
7318 376
7318 1169
7318 1748
7318 1825
7318 1905
7318 1942
7318 2618
7318 2920
7318 3019
7318 3251
7318 3301
7318 3600
7318 3705
7318 4083
7318 4626
7318 4801
7318 4819
7318 4961
7318 5098
7318 5217
7318 5482
7318 5553
7318 5739
7318 5802
7318 5925
7318 6074
7318 6088
7318 6241
7318 6283
7318 6385
7318 6438
7318 6464
7318 6466
7318 6753
7318 7137
7318 7193
7318 7330
7318 7388
7318 7888
7318 9250
7318 9548
7318 13835
7330 6007
7331 2240
7331 8414
7331 9769
7356 12155
7361 4461
7407 4197
7408 5503
7412 5510
7425 9773
7428 5626
7439 6658
7440 3909
7440 4965
7440 6784
7455 14605
7457 854
7498 6463
7505 3643
7509 14296
7526 9549
7543 12729
7558 5122
7558 11889
7558 12277
7558 13284
7568 11295
7582 10970
7598 6900
7609 1122
7609 3344
7609 4756
7609 5212
7609 7378
7609 8551
7609 8620
7609 10257
7610 5348
7625 11971
7629 6986
7645 11873
7654 3180
7687 8
7687 307
7691 6911
7697 14093
7703 887
7703 2268
7721 5713
7726 6448
7738 2359
7738 5535
7771 9015
7773 3120
7778 6153
7789 4868
7790 5130
7792 6900
7828 2920
7836 8183
7842 6728
7844 9377
7851 5136
7861 3717
7861 4199
7861 5224
7861 5775
7861 7662
7893 13402
7894 744
7924 1829
7929 4676
7929 6010
7929 12335
7936 2462
7970 5496
7984 4409
7993 808
8026 8686
8036 218
8075 4089
8075 6448
8082 13961
8086 5090
8095 12490
8104 9490
8110 6720
8120 551
8120 1624
8120 1926
8120 2349
8120 3068
8120 7513
8120 8264
8120 8294
8120 8386
8120 8390
8120 10077
8120 13684
8120 14313
8138 5149
8138 8723
8140 4699
8140 12407
8142 6313
8144 3089
8144 5730
8153 6223
8163 5560
8166 1900
8166 8740
8166 11748
8168 778
8168 2772
8168 3766
8168 4759
8168 5048
8168 5649
8168 6797
8168 10197
8168 10628
8174 7541
8185 12333
8197 2996
8197 6010
8197 6952
8197 7707
8197 11843
8198 6464
8204 9897
8208 5456
8208 6729
8234 3206
8235 5363
8252 12833
8265 9490
8279 6377
8292 9542
8307 9715
8308 6316
8309 6781
8311 7589
8319 1543
8330 12284
8335 4143
8341 3068
8344 10326
8349 5375
8350 5444
8364 218
8367 2332
8369 2345
8370 12263
8380 12360
8388 4325
8424 6448
8430 1869
8430 1909
8430 2273
8430 2508
8430 2618
8430 2706
8430 2785
8430 3373
8430 3610
8430 4344
8430 4735
8430 6299
8430 6503
8430 6534
8430 7193
8430 8263
8430 8358
8430 8564
8430 8735
8430 10065
8430 10181
8430 10774
8430 10951
8430 10953
8430 11136
8430 11244
8430 11267
8430 11385
8430 11411
8430 11509
8430 12529
8430 13278
8431 3676
8443 6506
8446 4911
8448 2920
8457 6313
8474 6814
8491 9481
8506 3440
8526 2737
8531 4560
8531 5713
8534 3741
8548 4359
8548 12280
8548 14098
8548 15314
8555 2128
8571 5664
8575 7872
8584 6074
8590 11849
8606 3174
8607 9463
8615 8352
8638 10555
8639 8
8651 7112
8653 3909
8653 7828
8653 9008
8653 9272
8686 5713
8690 6891
8690 10279
8702 11218
8731 4092
8733 8548
8741 6463
8744 5740
8766 8140
8767 7396
8770 4517
8778 9491
8778 12144
8797 216
8801 5139
8801 8039
8802 4409
8802 12527
8803 3678
8804 599
8809 5153
8814 7375
8819 5713
8819 12111
8849 7365
8851 6316
8868 7652
8881 8901
8901 1567
8901 2440
8901 3565
8901 6882
8901 9548
8912 9874
8917 5646
8917 8103
8917 10797
8919 5628
8921 6651
8926 5986
8947 1918
8947 4974
8947 6900
8949 13271
8967 2737
8967 3023
8970 8211
8970 11973
8976 4286
8976 9174
8978 6826
8981 12020
8982 6720
8999 7396
9009 1288
9028 5488
9041 9464
9055 2951
9057 10306
9057 14139
9070 4607
9074 3318
9074 7139
9078 1408
9078 9613
9081 6153
9088 1418
9097 5672
9106 2616
9114 13785
9121 7932
9122 5730
9126 5422
9142 12079
9142 12387
9142 13420
9149 5217
9155 5602
9155 14626
9177 12094
9178 5217
9184 734
9184 3102
9184 4342
9184 4709
9184 5657
9184 6793
9184 6800
9184 7378
9184 9544
9184 9769
9186 8906
9202 11808
9221 5470
9239 1965
9239 2077
9239 2356
9239 2359
9239 5989
9239 6463
9239 12918
9243 1724
9243 5671
9243 10613
9243 13145
9243 14655
9276 109
9296 7587
9308 3676
9331 628
9331 2737
9331 3496
9331 4851
9331 5463
9341 5613
9341 6510
9341 8104
9341 8681
9341 10782
9358 6726
9358 9382
9364 13084
9365 5729
9380 12917
9388 5866
9397 8044
9402 4527
9410 5807
9412 2898
9416 9062
9422 2956
9422 4801
9422 4972
9425 3998
9425 4667
9428 9058
9435 4552
9435 8818
9435 9003
9435 10082
9435 11089
9450 488
9479 11049
9496 4350
9514 6835
9521 2920
9525 324
9539 5485
9556 5866
9556 7714
9571 10065
9572 10566
9579 1904
9579 3370
9579 4081
9579 4709
9579 4773
9579 5772
9579 6576
9579 7191
9579 8103
9579 8214
9579 9725
9579 9799
9579 10793
9579 13388
9590 888
9647 5091
9655 5926
9655 14440
9670 5098
9671 6683
9677 8527
9713 4900
9719 12352
9730 4129
9732 2743
9732 5217
9732 5713
9734 5729
9739 6897
9772 13585
9777 3511
9777 3998
9777 9002
9792 12915
9794 1918
9794 3205
9794 3523
9794 3689
9794 3918
9794 4344
9794 4508
9794 5694
9794 5765
9794 5859
9794 6806
9794 7481
9794 7899
9794 8662
9794 8678
9794 9859
9794 10773
9794 12774
9794 12886
9794 14100
9796 8707
9796 11993
9796 12793
9796 13376
9800 6882
9801 6207
9828 2188
9828 6993
9830 12262
9831 4558
9862 8044
9878 5202
9887 15150
9912 13107
9915 11702
9923 2804
9932 9006
9941 12443
9957 265
9957 3643
9957 4461
9957 7702
9957 9405
9957 12409
9960 6882
9983 1600
9984 6661
9987 2864
10005 781
10022 10613
10039 5560
10052 2956
10055 4833
10063 382
10063 8722
10073 6343
10077 3701
10082 176
10098 1407
10115 7567
10118 6879
10126 9213
10132 2812
10150 7939
10159 407
10159 4077
10159 5605
10159 12702
10165 3461
10165 5139
10183 6689
10187 5424
10211 7541
10240 6878
10240 13084
10248 3896
10262 3400
10274 6116
10299 1061
10299 8780
10301 2661
10306 6448
10306 10914
10306 13089
10331 9697
10339 10473
10344 3479
10355 14919
10360 6720
10366 3079
10368 1385
10388 1781
10396 788
10402 5615
10407 3474
10420 12527
10424 2737
10439 10278
10455 3303
10455 3852
10455 7365
10455 8930
10463 12808
10469 5217
10473 7137
10484 7307
10488 7119
10490 10017
10491 2656
10495 6448
10524 2920
10533 10515
10539 3741
10545 5026
10556 7573
10566 9715
10568 12199
10570 2630
10577 6241
10592 1515
10604 6654
10612 5560
10612 6153
10618 8325
10620 6324
10621 171
10621 770
10621 772
10621 2964
10621 6190
10621 8154
10641 6463
10667 7799
10668 9062
10711 5122
10711 6784
10711 7110
10739 12076
10767 1358
10770 799
10771 4487
10777 11971
10796 7034
10801 8280
10806 8978
10823 2
10849 3368
10857 6689
10874 2915
10874 6280
10874 12111
10930 4089
10935 6510
10940 6010
10940 6310
10940 6448
10967 5782
10978 3550
10978 4956
10989 13020
11000 605
11000 1346
11000 4851
11000 5360
11000 6000
11011 11708
11024 13767
11027 3741
11029 4961
11029 6968
11050 4974
11057 11768
11086 4306
11088 2332
11091 3998
11091 5348
11091 5605
11117 4910
11121 4409
11121 11361
11121 12490
11139 9702
11140 6448
11158 8570
11164 4927
11232 2295
11238 5396
11282 5133
11282 5628
11282 6426
11319 6854
11339 1433
11339 2330
11339 6810
11351 4656
11366 3461
11381 13799
11390 5497
11405 4036
11410 6188
11410 6684
11435 2956
11435 9003
11460 3274
11470 11533
11492 4440
11506 5814
11509 5782
11509 6591
11509 6727
11545 2746
11574 2920
11575 2292
11591 3091
11608 8696
11609 5745
11616 5808
11666 12083
11681 4358
11757 8971
11757 12939
11765 1712
11766 5606
11773 11764
11801 382
11801 5749
11836 12085
11844 4571
11846 4409
11853 3562
11853 4884
11853 5217
11853 10499
11853 14751
11857 4910
11875 6575
11895 2895
11899 2920
11905 3859
11913 6316
11915 8707
11950 4286
11955 9490
11963 10058
11963 11676
11963 14650
11975 4979
11993 5614
12001 2926
12010 6804
12015 12819
12029 6118
12056 9697
12056 11431
12056 14143
12067 4967
12090 14735
12093 851
12094 6785
12104 2670
12114 2920
12133 2920
12133 3741
12150 3461
12200 14424
12208 2006
12217 1831
12231 12565
12238 8852
12241 1515
12244 7707
12251 9001
12279 4196
12281 5560
12283 6042
12287 9424
12289 4886
12289 11764
12289 12143
12311 2616
12321 3652
12361 7563
12374 12180
12375 6469
12401 2440
12406 10473
12432 2301
12448 4020
12459 4179
12476 14767
12478 12304
12479 12802
12504 3511
12505 7489
12523 7375
12529 644
12529 3523
12529 5025
12532 4914
12532 7589
12534 14772
12534 15127
12559 7115
12569 9174
12574 9009
12604 9623
12608 6884
12629 4884
12672 11008
12680 872
12680 4040
12704 5425
12714 6904
12721 4379
12749 9494
12758 3911
12758 5130
12758 5613
12758 7310
12797 9174
12797 11851
12798 12825
12811 6782
12835 6612
12859 12360
12859 12542
12859 12962
12859 13453
12862 14787
12871 13424
12897 11041
12907 3740
12910 7893
12925 2920
12925 4129
12935 2503
12942 10542
12950 12076
12970 4558
12970 5436
12975 2929
13007 6984
13018 4942
13020 8792
13049 268
13117 4487
13118 4143
13118 13251
13134 6377
13159 1945
13197 3909
13209 6088
13227 576
13230 4535
13230 5058
13258 7509
13260 10473
13312 14524
13314 851
13335 6753
13364 2920
13370 2920
13370 3374
13370 4210
13371 6320
13372 3614
13416 5714
13423 6570
13424 1694
13426 6007
13427 5969
13427 6736
13427 11567
13460 10322
13479 5217
13496 7231
13520 9311
13532 5141
13538 4077
13538 11367
13547 6591
13551 909
13551 2271
13551 4036
13551 5655
13560 3403
13561 3741
13601 5560
13605 6642
13640 12881
13642 6153
13646 2612
13650 5560
13674 13599
13675 2252
13685 5605
13685 12185
13695 9912
13712 5469
13723 4582
13734 270
13734 2956
13734 4676
13734 4910
13734 4967
13734 5114
13734 5480
13734 8707
13734 11850
13734 12460
13750 3498
13750 11939
13760 11200
13771 10654
13788 2920
13796 8722
13799 13952
13804 3489
13810 4
13818 6421
13820 3511
13823 8881
13834 2737
13834 9002
13850 8095
13854 13084
13868 6904
13879 6349
13887 6722
13888 9016
13892 5046
13903 4058
13928 9107
13934 2612
13935 6683
13935 12332
13950 3658
13953 14433
13971 3741
13971 8722
13984 5217
14006 1856
14008 3267
14010 4365
14024 12121
14052 13118
14057 4463
14060 4
14060 8
14060 307
14060 851
14060 984
14060 1856
14060 3437
14060 3469
14060 4851
14060 5026
14060 5560
14060 5685
14060 6226
14060 6448
14060 6719
14060 7114
14060 7486
14077 9490
14082 2737
14084 4709
14131 5102
14157 4961
14160 4409
14160 6651
14160 7033
14160 9026
14160 9534
14160 12088
14161 137
14161 189
14161 6464
14161 11193
14163 11800
14184 6098
14205 2407
14205 6310
14205 7612
14205 8154
14205 8185
14205 9779
14258 5115
14259 3318
14278 255
14278 1442
14278 2497
14278 3851
14278 4228
14278 5755
14278 8776
14278 10248
14278 11779
14280 2159
14281 6283
14295 4900
14320 12044
14322 6168
14333 6159
14333 6804
14347 3849
14348 9712
14358 8989
14366 6850
14368 3964
14374 6972
14411 13084
14420 3746
14420 3841
14420 9095
14420 9100
14420 10296
14420 10971
14422 12387
14445 6722
14447 1122
14453 3671
14453 4269
14453 10419
14471 3836
14516 6203
14547 8654
14556 9427
14589 3676
14625 5482
14625 7127
14625 13922
14632 7000
14643 9216
14661 6318
14674 5124
14674 6987
14674 8776
14685 5626
14687 7707
14699 4210
14781 13377
14786 2301
14786 11889
14801 8202
14801 11200
14811 2806
14811 8707
14811 14208
14842 5364
14869 341
14879 5480
14896 3851
14914 11902
14920 4210
14942 5450
14943 9133
14961 8182
14961 12819
14996 245
14996 2698
14996 3383
14996 3826
14996 3875
14996 4041
14996 4334
14996 4996
14996 5202
14996 5417
14996 5607
14996 5811
14996 6392
14996 6583
14996 6654
14996 6727
14996 6795
14996 7583
14996 7834
14996 9611
14996 10683
14996 11012
14996 13277
14996 13917
14999 4358
15007 4286
15007 4406
15013 11618
15035 212
15065 2153
15070 5697
15161 12779
15244 5440
15283 11000
15293 5570
15294 4447
15305 2920
15305 5069
15317 4299
15327 6336
15355 8185
15361 10067
15369 120
15373 4709
15377 4210
15397 5711
15407 4828
15421 8030
15424 6782
15424 10541
15436 3418
15444 6161
15451 2301
15521 7796
15521 9704
15536 3280
15573 3956
15582 5463
15589 1781
15603 5140
15605 3562
15650 4900
15655 2748
15683 7743
15686 5470
15692 808
15700 7396
15701 4556
15712 9427
15716 14935
15718 6413
15751 9148
15776 3274
15776 5782
15783 852
15789 9003
15796 6689
15840 7186
15840 7375
15845 2973
15868 12333
15877 4910
15921 12939
15953 3998
15963 3209
15972 5818
15999 226
15999 574
15999 2440
15999 4092
15999 6591
16011 9175
16019 5898
16029 5570
16053 4129
16088 3316
16125 2920
16126 4883
16161 5118
16168 11020
16184 141
16191 5141
16216 7707
16239 12918
16249 5925
16287 14167
16291 3059
16291 6902
16328 5114
16342 12647
16342 13171
16358 2915
16372 13539
16410 10303
16414 5754
16420 5765
16439 8570
16458 8358
16461 13423
16471 3034
16477 5877
16479 10540
16483 5470
16511 11132
16519 2301
16525 6951
16528 7719
16536 7019
16536 10710
16536 12084
16536 13350
16548 2332
16566 4143
16566 7563
16579 5396
16604 5765
16609 5606
16636 6590
16637 6683
16658 1071
16668 120
16673 3721
16705 625
16718 12599
16736 2630
16771 11766
16794 9392
16821 5497
16844 4129
16851 969
16851 9466
16874 6689
16897 5772
16899 7707
16910 5382
16915 5470
16936 1812
16937 2920
16956 3051
16956 5005
16963 4020
16963 4910
16966 12293
16992 1016
16994 9466
16999 7375
17000 4771
17001 3550
17010 10758
17020 11297
17067 120
17067 274
17067 3180
17067 3565
17067 5034
17067 5753
17090 1830
17090 6942
17090 7378
17090 9046
17102 6984
17130 5153
17136 217
17143 4129
17168 5713
17206 6297
17215 7114
17222 217
17222 3956
17222 6654
17222 9003
17222 9427
17222 9552
17222 11971
17222 12312
17225 10947
17237 6384
17271 2920
17274 4931
17289 9251
17289 10028
17289 11200
17289 12353
17289 12915
17289 13084
17289 13534
17289 13633
17295 3537
17311 7504
17318 5482
17321 4607
17334 8140
17334 13197
17354 5930
17367 7821
17369 5153
17369 5662
17369 15111
17376 12540
17417 9917
17438 6448
17440 6722
17536 14047
17542 5564
17542 7653
17542 8755
17542 8917
17542 11600
17542 14536
17542 15028
17600 4606
17600 6226
17611 7724
17616 12380
17671 1945
17682 1169
17699 4026
17699 8374
17699 9096
17699 9108
17710 6088
17723 3852
17723 9910
17725 5126
17725 5378
17727 1600
17744 9357
17754 159
17754 1169
17754 11060
17770 11948
17774 11885
17780 2973
17790 3370
17826 4097
17883 1460
17888 5382
17896 5050
17911 5483
17918 13107
17919 2737
17919 10619
17919 12081
17949 6189
17949 7257
17952 4888
17968 11929
17979 10176
17983 8081
17999 5005
18017 4915
18017 8513
18025 6226
18029 12415
18038 9549
18038 11431
18038 13115
18038 13534
18050 5713
18054 4676
18070 1442
18080 14919
18094 4129
18094 6010
18095 6970
18107 381
18107 3461
18107 6381
18107 6852
18107 7003
18107 7548
18107 14404
18114 2851
18136 6469
18153 8273
18178 4955
18190 4624
18190 9715
18200 5713
18227 4458
18229 6642
18282 5701
18314 6498
18320 3741
18353 7743
18361 2624
18362 13951
18438 14603
18454 12180
18511 2920
18514 12180
18514 13115
18592 5485
18619 2920
18646 9146
18655 9466
18684 7191
18709 7993
18734 4967
18750 11781
18778 12083
18791 13711
18804 2503
18820 3168
18824 5676
18870 4826
18890 244
18901 14390
18905 13115
18922 9620
18922 10756
18923 12199
18960 6638
18982 8027
18986 6642
18992 5560
19007 4558
19009 4434
19022 2737
19036 4092
19036 14483
19051 4619
19051 9174
19051 13106
19065 2920
19066 6007
19078 8774
19099 2252
19106 12897
19141 2249
19192 2920
19192 4129
19241 6689
19252 6799
19257 5713
19258 8570
19259 9329
19293 1447
19293 2292
19293 4688
19293 8358
19293 11866
19380 11200
19393 2920
19415 4895
19422 5007
19445 5122
19455 7191
19470 10415
19491 617
19510 7372
19532 5462
19549 5591
19566 3548
19582 4974
19599 5436
19599 8905
19634 3956
19643 3461
19643 11939
19651 8000
19670 2359
19732 2920
19732 5606
19751 9490
19769 11890
19777 11200
19788 7364
19832 5070
19855 9213
19856 6466
19942 6189
19963 8904
19971 4558
19999 3381
20006 15085
20028 4967
20050 5008
20071 8987
20075 4967
20075 6463
20099 10473
20107 5026
20143 644
20143 13016
20143 13884
20162 6080
20162 12682
20169 2373
20179 7023
20193 7816
20197 4277
20206 9062
20228 141
20253 12326
20258 8270
20268 1900
20271 5818
20305 4378
20313 5463
20330 379
20330 2851
20351 8663
20359 4358
20389 5363
20418 4974
20441 7209
20443 14963
20444 12593
20447 5714
20454 5470
20489 9518
20496 9235
20497 2301
20497 2920
20497 4409
20511 1071
20519 11200
20528 381
20528 4883
20528 5712
20528 11849
20532 6954
20536 3741
20540 8752
20571 9340
20591 6792
20592 6964
20605 8008
20620 4491
20620 6464
20637 4974
20647 5028
20670 6733
20745 9062
20752 3562
20752 5140
20752 5544
20794 3377
20807 1810
20807 4762
20841 4516
20841 7677
20845 2748
20855 5545
20860 8818
20861 4129
20873 4184
20873 4465
20873 6310
20921 120
20921 141
20921 3210
20921 3909
20925 5713
20943 11808
20945 7193
20948 888
20952 3437
20981 13503
20986 939
21014 7003
21041 228
21041 6463
21045 7743
21048 5817
21062 4060
21065 5115
21139 5026
21140 6950
21144 2301
21144 5417
21154 1
21162 14845
21181 2195
21252 6950
21289 12081
21301 4558
21318 11552
21331 11962
21409 11252
21422 2551
21423 6720
21427 4256
21427 4974
21427 10521
21452 5413
21468 12121
21493 1071
21493 4883
21574 2920
21589 6792
21594 9293
21623 1109
21637 4101
21640 270
21640 5712
21656 6010
21668 3741
21700 13215
21713 4196
21717 6241
21737 6952
21744 766
21744 6835
21744 8898
21773 2111
21783 7552
21785 8991
21786 6736
21792 1523
21811 4709
21819 3590
21823 2332
21831 6226
21833 4825
21889 5388
21941 6448
21941 9272
21941 11529
21972 5443
21972 6951
21972 9238
21972 9560
21972 10421
21981 8178
21993 120
21993 6007
22021 6771
22057 1335
22065 2332
22065 2433
22065 3741
22065 5724
22065 6506
22065 11948
22095 5570
22107 6007
22128 6749
22149 6448
22161 5369
22199 4819
22215 10169
22233 9112
22237 196
22245 5745
22249 12681
22302 11889
22310 5713
22338 2616
22365 4979
22368 501
22368 5596
22368 5606
22368 6588
22368 7191
22368 8153
22368 8755
22368 9113
22368 11003
22376 9009
22376 10566
22380 1831
22380 7001
22388 120
22400 5831
22409 217
22423 9008
22528 187
22532 510
22582 8548
22586 2748
22595 4991
22633 3437
22652 8570
22669 11100
22674 8898
22699 5605
22699 8707
22700 4900
22722 6744
22724 8
22724 10430
22734 5098
22745 909
22745 2308
22764 6336
22773 854
22802 3676
22812 10383
22820 7033
22843 2332
22863 2920
22870 2920
22900 3676
22932 5859
22942 2332
22942 9466
22951 8794
22957 1418
22961 1444
22961 2639
22961 6384
22961 6793
22961 8089
22961 8680
22961 11711
22967 141
22976 4836
22994 5644
22994 5791
22994 9681
22994 11218
23004 4328
23005 9112
23013 6720
23017 9874
23035 4358
23067 4040
23087 6986
23091 985
23091 2267
23091 2349
23091 5436
23091 6778
23091 7392
23091 13221
23106 197
23106 6466
23116 2006
23166 1169
23189 5026
23282 2301
23305 4899
23320 2920
23362 9452
23369 8838
23379 7488
23469 6588
23469 6642
23471 8818
23593 6448
23631 4851
23634 9560
23650 9779
23651 2920
23673 7102
23731 376
23739 6464
23761 7375
23770 4676
23776 8930
23790 5237
23798 2963
23799 8449
23833 3917
23862 6450
23903 1728
23903 5217
23910 14044
23927 4883
24025 2639
24036 4961
24059 3956
24087 5470
24105 6223
24118 5563
24231 250
24268 6509
24351 2232
24353 9233
24369 11292
24384 5450
24392 376
24394 8852
24416 4974
24433 1630
24463 10278
24463 13974
24467 8478
24475 12331
24487 6632
24507 5560
24517 587
24517 6098
24519 3741
24531 1169
24553 3741
24600 2235
24600 3565
24621 1071
24621 1182
24621 3373
24621 4606
24621 5673
24621 7552
24621 12112
24621 13038
24637 2851
24644 9895
24663 9715
24668 4967
24690 11100
24730 12333
24733 5450
24753 10947
24753 12800
24829 5104
24837 5477
24837 6463
24872 6153
24896 379
24896 10470
24911 305
24916 14747
24933 4683
24933 8273
24970 9235
24979 6934
25008 9769
25015 908
25019 3852
25024 9558
25024 12527
25051 5478
25057 4883
25069 8449
25074 9712
25075 925
25078 9703
25107 4910
25113 2929
25113 4961
25113 5712
25113 6720
25120 4143
25120 7875
25146 3852
25220 7993
25245 1514
25245 4705
25245 6695
25245 8283
25246 274
25246 626
25246 1071
25246 1945
25246 2006
25246 4607
25246 5141
25246 5557
25246 6346
25246 9717
25321 7276
25322 1071
25333 844
25376 9394
25390 7771
25403 5560
25430 4549
25472 2309
25472 4372
25479 4826
25485 254
25499 4967
25511 2227
25554 6934
25567 7034
25591 2851
25623 6349
25654 4625
25671 5480
25741 6464
25828 29
25913 8
25930 1175
25955 12083
26020 2956
26060 2301
26069 9475
26080 5470
26101 6080
26108 5643
26126 12809
26132 2301
26149 4974
26150 5570
26151 5349
26183 6296
26189 8838
26189 9549
26200 141
26213 1523
26213 2689
26213 5034
26213 5139
26213 5657
26213 6506
26213 8084
26213 10274
26216 494
26230 5712
26245 8431
26269 12918
26375 15382
26410 242
26445 7124
26459 2301
26485 4495
26493 7284
26493 9717
26527 1442
26530 1460
26530 4967
26530 6466
26530 8449
26530 9020
26552 2462
26573 196
26573 3394
26573 6153
26573 6852
26598 11552
26601 5745
26603 7092
26608 4851
26673 7104
26771 5482
26791 908
26791 1169
26791 1418
26791 2920
26791 3565
26791 3676
26791 4883
26791 4915
26791 6464
26791 6852
26791 8681
26791 9544
26791 12331
26798 656
26798 1122
26798 1789
26798 1942
26798 2503
26798 3383
26798 4659
26798 4668
26798 5124
26798 6576
26798 7600
26834 1130
26836 7137
26840 9703
26842 153
26900 12306
26917 5028
26925 8818
26930 6381
26941 1752
26965 167
26965 1428
26965 6900
26965 8270
26993 5497
27003 8654
27023 11309
27023 13895
27027 2920
27061 6448
27065 11800
27104 2528
27104 12579
27152 7110
27175 2618
27181 1761
27182 2508
27200 5450
27227 8008
27243 13350
27275 244
27277 7552
27293 2920
27298 10473
27326 11209
27338 2301
27338 6954
27339 4558
27377 8654
27385 7220
27391 4974
27394 2920
27409 6021
27421 9887
27425 3584
27425 3704
27425 3813
27425 5138
27425 9977
27425 13224
27425 15422
27431 3958
27433 2271
27454 4899
27465 8746
27477 5141
27484 5424
27485 5352
27514 9997
27515 5026
27523 591
27530 196
27530 512
27530 1375
27530 1940
27530 2043
27530 2070
27530 2301
27530 5224
27530 5248
27530 5372
27530 5450
27530 5512
27530 5640
27530 5757
27530 5775
27530 5907
27530 6121
27530 6221
27530 6346
27530 6727
27530 8096
27530 8152
27530 8618
27530 9558
27530 10058
27530 12124
27530 14260
27530 14348
27549 7419
27589 1213
27595 3832
27597 11078
27601 3180
27601 7503
27611 1442
27611 5656
27611 8379
27632 7950
27644 2070
27650 7313
27680 4915
27680 8378
27683 8890
27700 5453
27702 8096
27736 1062
27736 1444
27736 2271
27736 2785
27736 3694
27736 4474
27736 4607
27736 4862
27736 4883
27736 4898
27736 5383
27736 5392
27736 5424
27736 5838
27736 5855
27736 5900
27736 6232
27736 6384
27736 7293
27736 7306
27736 7621
27744 6630
27752 8274
27763 7680
27764 9360
27770 8153
27770 8922
27778 187
27816 5386
27817 2918
27825 10783
27848 6628
27848 9286
27863 10000
27879 9985
27879 13711
27884 4040
27893 5560
27904 5646
27929 3172
27939 4620
