39 1024
176 2134
191 2787
208 1289
214 5483
233 627
337 510
337 2635
358 5434
365 8254
390 53
403 2755
404 120
498 2101
542 276
542 637
542 2454
586 212
586 579
586 1375
586 2271
605 1010
654 2168
723 785
750 1207
841 3329
855 5384
877 9218
995 1390
995 7238
995 7281
1053 3523
1144 8273
1324 1523
1470 10644
1484 483
1504 5700
1527 5153
1531 242
1549 4925
1593 8051
1926 521
1975 373
1975 2503
2036 5320
2038 3099
2140 12032
2701 12897
2893 2830
2893 6743
2893 6934
2893 7073
3056 15371
3145 4662
3148 5115
3261 5437
3338 12288
3626 2864
3729 8707
3778 9174
3997 4910
4025 1112
4025 5628
4055 2956
4101 3079
4101 5380
4101 5575
4101 9222
4101 9587
4194 7488
4198 5583
4338 2920
4386 14713
4559 4910
4613 5469
5076 872
5115 2271
5284 6891
5303 11431
5522 12438
5922 6377
6028 4089
6033 1878
6033 4981
6033 7773
6033 10471
6298 11398
7022 11628
7168 5217
7216 3511
7266 12501
7266 15072
7318 4801
7505 3643
7993 808
8110 6720
8120 10077
8350 5444
8370 12263
8653 7828
8690 6891
8690 10279
9178 5217
9186 8906
9239 1965
9239 2077
9239 2356
9239 2359
9239 5989
9239 6463
9239 12918
9243 1724
9243 14655
9796 11993
9796 13376
10126 9213
10240 13084
10306 6448
10306 10914
10306 13089
10331 9697
10355 14919
10533 10515
11091 5605
11117 4910
11381 13799
11857 4910
12010 6804
12217 1831
12401 2440
12504 3511
12871 13424
13371 6320
13460 10322
13551 909
13551 2271
13551 4036
13601 5560
13646 2612
13799 13952
13810 4
14453 10419
14556 9427
14674 5124
14674 6987
14786 2301
14811 8707
14811 14208
14942 5450
15007 4406
15035 212
15065 2153
15070 5697
15603 5140
15605 3562
15712 9427
15776 3274
15840 7186
16011 9175
16458 8358
16461 13423
16705 625
16915 5470
16956 5005
16963 4910
16994 9466
17542 11600
17600 4606
17616 12380
17699 9108
17744 9357
17919 2737
18038 9549
18038 11431
18038 13115
18038 13534
18080 14919
18655 9466
18870 4826
18982 8027
18992 5560
19788 7364
20075 4967
20271 5818
20305 4378
20637 4974
20647 5028
20670 6733
20807 1810
20807 4762
20943 11808
21252 6950
21744 766
21744 6835
21744 8898
22233 9112
22365 4979
22633 3437
22674 8898
23903 1728
24231 250
24392 376
24553 3741
24637 2851
24933 8273
25075 925
25113 2929
25113 6720
25245 4705
25245 8283
25403 5560
25654 4625
25930 1175
26552 2462
26791 2920
26791 4883
26930 6381
27104 12579
27277 7552
27650 7313
27702 8096
