10 5665
30 1071
108 1545
188 1507
253 1798
253 4660
279 4608
360 279
404 755
463 2257
542 6520
572 247
617 4306
627 6765
654 197
666 3946
695 791
697 5793
738 6085
801 134
807 1350
811 5464
842 9291
1022 2667
1048 8005
1378 2502
1426 2848
1697 7257
1756 5148
1762 5217
1780 3594
1787 7705
1923 1071
2076 4428
2103 3726
2103 6082
2218 1169
2266 5149
2362 6719
2565 7888
2565 9984
2737 4228
2741 7397
2788 9468
2806 2447
3025 4382
3241 4609
3465 7372
3968 5665
3998 12285
4079 2266
4093 12447
4142 8898
4339 11200
4386 13769
4552 3917
4559 2267
4724 1230
4827 7488
4857 2150
4950 11194
5236 8044
5272 1648
5303 5730
5303 6957
5303 14012
5363 7695
5413 324
5544 13709
5587 1016
5590 11432
5708 12044
5824 3265
5832 9707
5840 12310
5954 11636
6075 216
6202 281
6347 3301
6406 13215
6751 11366
6896 6087
6908 734
7033 7299
7280 7000
7331 8414
7331 9769
7408 5503
7440 4965
7568 11295
7598 6900
7697 14093
7790 5130
7792 6900
8036 218
8120 1624
8144 5730
8208 5456
8369 2345
8548 4359
8548 14098
8571 5664
8651 7112
8741 6463
8770 4517
8901 6882
8981 12020
9142 13420
9296 7587
9308 3676
9425 4667
9671 6683
9912 13107
10388 1781
16511 11132
27431 3958
27595 3832
27611 5656
27683 8890
27763 7680
27770 8922
27884 4040
27939 4620
