365 3351
586 1375
995 1390
995 7238
995 7281
2467 10379
3279 6957
3758 11139
4025 1112
4055 2956
4569 4375
5076 872
5264 1631
5687 15027
6033 1878
6033 10471
7168 5217
8638 10555
8767 7396
9358 9382
9957 12409
12862 14787
13370 4210
13685 5605
13734 4910
13934 2612
14453 10419
16461 13423
17143 4129
18038 11431
18038 13115
18038 13534
19510 7372
19732 2920
20268 1900
20305 4378
20620 6464
20670 6733
20861 4129
20943 11808
26791 1169
26791 2920
26791 6464
26791 9544
26836 7137
27530 5224
27530 5372
