10 5087
10 7186
10 7536
28 858
38 182
39 120
39 811
39 1034
42 1127
42 1346
42 6495
53 1377
75 6824
78 911
80 2250
92 166
92 482
92 984
92 1537
92 1581
92 1865
92 3128
92 4421
92 6761
93 4190
97 170
98 1923
98 1931
105 389
105 399
105 651
105 780
105 781
105 1604
105 1977
105 1979
105 1981
105 2078
105 2086
105 3471
105 3675
105 4865
105 4869
105 4940
105 5661
105 5793
105 6720
105 6755
105 8219
105 9359
105 11809
105 13458
115 1570
115 6302
118 6260
123 2253
123 2255
139 141
141 629
141 978
141 1593
141 2008
141 2449
141 2450
141 4210
141 5628
141 6007
149 3323
149 7670
158 2459
163 158
165 23
165 59
165 101
165 118
165 161
165 188
165 213
165 266
165 269
165 332
165 495
165 505
165 525
165 604
165 758
165 761
165 785
165 795
165 1034
165 1079
165 1103
165 1342
165 1383
165 1857
165 1946
165 2023
165 2126
165 2261
165 2401
165 2566
165 2660
165 2663
165 2664
165 2671
165 2672
165 2674
165 2675
165 2676
165 2677
175 7261
177 10
180 5137
180 5602
184 12383
191 1338
191 1442
191 2786
191 3751
194 7642
216 4867
221 5787
227 4036
233 2371
234 444
234 514
234 731
234 766
234 2721
234 3080
267 2754
268 906
270 2620
275 125
280 5365
280 5459
280 8087
282 3247
284 970
286 2713
296 4409
301 6419
308 6747
325 3346
335 3411
335 3413
335 5169
335 5263
335 6359
335 8857
335 11277
335 12194
335 15084
336 312
337 131
337 3722
337 5650
337 5811
337 7268
337 10665
340 123
340 360
340 1143
340 1392
340 2125
340 2397
340 2399
340 3624
354 983
354 5449
354 8467
358 635
358 2674
358 3674
365 185
368 6781
368 11876
369 751
369 1137
369 1195
369 1840
369 2747
369 6368
369 6482
370 577
375 1537
375 3712
380 4
380 17
380 66
380 80
380 167
380 266
380 268
380 269
380 270
380 306
380 310
380 318
380 331
380 369
380 475
380 544
380 557
380 796
380 806
380 843
380 906
380 933
380 940
380 1014
380 1026
380 1078
380 1192
380 1199
380 1331
380 1412
380 1649
380 1675
380 1870
380 1995
380 2039
380 2258
380 2270
380 2429
380 2468
380 2548
380 2834
380 2882
380 3162
380 3190
380 3719
380 3720
380 3721
380 3722
380 3724
380 3725
380 3726
380 3732
380 3733
386 96
386 248
386 736
386 2375
386 3590
386 3749
386 3750
386 9121
390 314
390 731
390 755
390 1140
390 1559
390 1657
390 1780
390 2025
390 2109
390 2358
390 2444
390 2494
390 2778
390 2944
390 3287
390 3775
391 1114
403 13779
406 2046
413 724
413 845
413 883
413 1138
413 2259
413 2333
413 2444
413 2473
413 2573
413 3857
415 6254
415 6611
429 6776
434 1870
464 1910
464 3190
464 4228
464 6278
464 7402
464 7739
464 8195
464 8391
464 9073
464 9112
464 10630
464 12963
490 2670
493 4047
494 978
495 6253
497 5426
506 906
519 139
519 250
519 1904
519 2092
519 3590
519 3592
519 6146
519 6805
519 6881
519 7154
519 8089
519 10805
529 8207
543 1195
543 3118
549 7932
550 139
550 182
550 292
550 1120
550 1595
550 2130
550 4185
552 496
552 10547
556 4198
568 2967
586 856
586 11359
608 5033
608 6640
608 11359
615 2446
616 7935
627 8134
629 81
629 3466
629 4353
636 2012
637 1138
638 3747
654 126
654 483
654 512
654 2356
654 9218
657 182
657 1391
666 2296
668 911
680 6368
682 279
684 590
684 6411
685 1934
690 10779
697 3836
701 4527
706 1507
711 3102
713 2674
718 1532
718 5754
725 4737
727 1125
727 1430
727 3190
735 8820
742 750
744 9728
745 845
750 717
750 822
750 1143
750 1595
750 3017
750 3685
750 3769
751 576
751 628
751 702
751 1182
751 1213
751 2102
751 2444
751 4910
751 5153
751 6180
751 6394
751 6404
751 6604
751 7104
751 10276
751 11307
751 13555
755 5029
758 911
758 922
758 1592
771 3658
782 191
782 2747
788 113
788 2436
807 2204
807 6590
807 6939
807 7402
807 7455
807 8296
808 103
808 161
808 181
808 182
808 189
808 484
808 494
808 751
808 969
808 1132
808 1290
808 1377
808 1507
808 1910
808 2593
808 3103
808 3106
808 3180
808 3200
808 3579
808 3620
808 3717
808 3723
808 4277
808 4288
808 4932
808 5124
808 5234
808 5384
808 5486
808 5884
808 5896
808 6668
808 6710
808 7002
808 7773
808 9199
808 9293
808 10701
808 10980
808 13151
809 2072
811 6996
813 2622
813 5148
813 7473
816 3855
819 2130
819 2246
819 3520
820 1338
820 1937
822 2677
822 5379
823 128
830 7644
833 2835
838 4754
841 917
847 497
847 500
847 1190
847 1607
847 2540
847 4791
847 5808
847 6384
854 4434
854 8608
854 10160
855 2193
859 2927
868 388
868 1248
874 970
876 1085
876 2290
877 5062
877 7129
877 7747
879 8091
890 2074
901 5062
901 5147
910 6122
911 5469
916 1160
916 6211
916 6228
916 6231
919 5360
919 6384
920 1662
927 5289
933 3554
942 5034
949 182
949 1565
949 3673
949 4466
949 5782
953 6839
958 5128
959 852
959 5026
971 252
971 2328
971 2744
971 4409
971 5248
971 6829
971 7010
971 7011
971 7015
977 6630
990 3944
992 3802
995 130
995 510
995 755
995 762
995 816
995 2370
995 5352
995 5412
995 6588
995 6962
995 7120
995 7231
995 7233
995 7236
995 7244
995 7245
995 7253
995 7258
995 7263
995 7270
995 7274
995 7280
1005 5450
1010 1879
1010 3438
1010 3441
1010 4619
1010 5130
1010 5491
1010 5693
1010 5706
1010 6290
1010 6317
1010 6755
1010 6872
1010 7387
1010 7398
1010 7402
1010 7404
1010 7406
1010 7408
1011 5322
1018 244
1018 5847
1020 7427
1024 3558
1035 4892
1035 6191
1035 7706
1050 5420
1052 5497
1053 769
1055 8029
1058 5153
1063 5104
1067 5633
1067 7189
1078 8138
1080 4967
1080 5697
1080 8186
1081 8195
1084 2540
1084 5010
1084 6278
1084 6895
1084 8208
1101 6748
1103 968
1108 2368
1108 7401
1122 8908
1122 8910
1125 120
1125 3460
1125 5354
1125 6313
1125 7158
1125 7372
1125 8257
1127 6278
1130 8978
1135 1375
1135 1592
1135 6794
1143 5349
1144 7510
1144 8274
1144 9099
1144 9113
1173 6190
1175 5016
1183 2755
1192 2540
1192 7279
1192 9313
1228 5397
1246 734
1246 2227
1246 4329
1246 5354
1269 1119
1269 6053
1269 8477
1269 9702
1272 1335
1273 113
1273 1594
1273 2167
1273 2778
1273 3340
1273 4144
1273 4626
1273 4780
1273 5674
1273 5964
1273 6313
1273 9728
1273 9731
1273 9732
1273 9735
1286 5121
1293 2618
1320 4845
1324 240
1334 3978
1334 7022
1344 9084
1345 5310
1349 4906
1352 4979
1367 8279
1372 9284
1389 1565
1397 5602
1406 149
1406 496
1406 6602
1406 10071
1410 526
1414 3204
1414 5872
1414 9040
1414 10459
1417 3346
1417 3608
1421 856
1421 2230
1421 2713
1421 3237
1421 3460
1421 3824
1421 4001
1421 4854
1421 4931
1421 4972
1421 5130
1421 5246
1421 5258
1421 5308
1421 5357
1421 5389
1421 5407
1421 5484
1421 5498
1421 5656
1421 5726
1421 5990
1421 6077
1421 6160
1421 6192
1421 6301
1421 6541
1421 6611
1421 6624
1421 6818
1421 6837
1421 7827
1421 7851
1421 9266
1421 10480
1421 10481
1426 5432
1426 6866
1433 2454
1433 4683
1433 4910
1439 10552
1451 5424
1458 6007
1476 5433
1482 656
1482 852
1482 1642
1482 3092
1482 3290
1482 3612
1482 3748
1482 3851
1482 3902
1482 4225
1482 4258
1482 4485
1482 4513
1482 4580
1482 4704
1482 4709
1482 4811
1482 4816
1482 4961
1482 5310
1482 5696
1482 5698
1482 6207
1482 6433
1482 6637
1482 6743
1482 6806
1482 6809
1482 6832
1482 6902
1482 7030
1482 7031
1482 7159
1482 7234
1482 7262
1482 7311
1482 7476
1482 7743
1482 8078
1482 8089
1482 8382
1482 8414
1482 8639
1482 8693
1482 8876
1482 8938
1482 9732
1482 9905
1482 9910
1482 9988
1482 10124
1482 10198
1482 10282
1482 10536
1482 10749
1482 10751
1482 10752
1482 10767
1482 10773
1482 10774
1482 10776
1482 10778
1482 10784
1482 10786
1482 10788
1482 10794
1482 10805
1483 2631
1484 2865
1484 8200
1484 8291
1505 3247
1511 1546
1511 4537
1511 4747
1514 1404
1514 2313
1514 2349
1514 8242
1516 3020
1518 4402
1518 5029
1530 7042
1531 521
1531 6602
1542 2070
1546 6642
1546 7311
1546 7405
1546 8871
1546 9361
1560 4266
1567 528
1567 4225
1567 4910
1567 10547
1569 628
1592 4409
1618 3441
1623 5472
1623 9453
1630 2012
1643 6356
1644 6405
1652 8440
1652 11208
1654 3172
1658 3127
1658 5397
1658 7036
1658 7769
1661 11267
1667 9218
1667 9931
1667 10153
1669 2304
1677 3560
1680 7283
1686 586
1686 1409
1686 1806
1686 1829
1686 2102
1686 2328
1686 2844
1686 3289
1686 3433
1686 3671
1686 3953
1686 4308
1686 4847
1686 4979
1686 5025
1686 5128
1686 5137
1686 5239
1686 5296
1686 5308
1686 5389
1686 5445
1686 5496
1686 5545
1686 5657
1686 5990
1686 6100
1686 6112
1686 6120
1686 6141
1686 6559
1686 7015
1686 7041
1686 7068
1686 7263
1686 7348
1686 8480
1686 8534
1686 8649
1686 9745
1686 10186
1686 10279
1686 10516
1686 11312
1691 9203
1694 4910
1696 7551
1699 5496
1710 7054
1715 4884
1726 244
1726 3460
1739 281
1739 6695
1739 8088
1739 11375
1757 11413
1768 6464
1772 8424
1782 7537
1787 1130
1787 11499
1787 11501
1813 6922
1825 5029
1829 5932
1829 6556
1836 6380
1847 5688
1872 7262
1872 8864
1878 25
1878 120
1878 1016
1878 2101
1878 2551
1878 2970
1878 3180
1878 5110
1884 11636
1885 5029
1889 977
1894 9040
1896 9687
1900 120
1900 209
1900 581
1900 726
1900 755
1900 1056
1900 1136
1900 1993
1900 2151
1900 2842
1900 3795
1900 4652
1900 5026
1900 5142
1900 5144
1900 5502
1900 5576
1900 5578
1900 5590
1900 5643
1900 5691
1900 5808
1900 5825
1900 6119
1900 6183
1900 6229
1900 6320
1900 6450
1900 6556
1900 6587
1900 6744
1900 6757
1900 6840
1900 6911
1900 6962
1900 7030
1900 7103
1900 7240
1900 7242
1900 7257
1900 7429
1900 7616
1900 7636
1900 7652
1900 7693
1900 7965
1900 8080
1900 8138
1900 8142
1900 8248
1900 8662
1900 8871
1900 9099
1900 9180
1900 9203
1900 9377
1900 9623
1900 9773
1900 10221
1900 10323
1900 10461
1900 10476
1900 10483
1900 10532
1900 10586
1900 11053
1900 11152
1900 11207
1900 11335
1900 11434
1900 11587
1900 11589
1900 11600
1900 11663
1900 11664
1900 11666
1900 11667
1900 11668
1900 11669
1900 11671
1900 11672
1900 11674
1900 11675
1900 11676
1900 11677
1900 11679
1900 11680
1900 11681
1900 11682
1900 11683
1911 8220
1923 982
1923 1570
1923 2345
1923 2551
1923 2833
1923 5479
1923 7156
1923 7676
1923 7768
1929 3413
1929 4144
1948 6258
1960 5384
1973 5694
1975 117
1975 297
1975 462
1975 770
1975 968
1975 1812
1975 3126
1975 3255
1975 5808
1975 6710
1975 8759
1982 5424
2000 5633
2006 7281
2016 5723
2025 9112
2028 3530
2041 3438
2110 11990
2140 6197
2140 7194
2156 12060
2163 626
2163 2102
2163 2551
2163 3552
2163 4289
2163 5149
2163 6463
2163 9800
2219 4773
2223 2146
2238 2568
2238 9791
2259 553
2259 980
2259 1900
2259 2227
2259 2332
2259 2620
2259 3269
2259 4288
2259 5026
2259 5029
2259 5838
2273 5671
2273 6120
2273 7652
2273 12270
2281 3717
2294 11292
2300 9654
2301 7375
2335 6850
2341 7488
2346 1338
2353 6463
2356 6381
2364 512
2364 2195
2364 3123
2364 3554
2364 3565
2364 3917
2364 4039
2364 4289
2364 4320
2364 4607
2364 4977
2364 5110
2364 5128
2364 5130
2364 5309
2364 5414
2364 5437
2364 5640
2364 5688
2364 5699
2364 5702
2364 5775
2364 6120
2364 6505
2364 6626
2364 6778
2364 6972
2364 6993
2364 6994
2364 7100
2364 7424
2364 8033
2364 8543
2364 8562
2364 8874
2364 8954
2364 9959
2364 10305
2364 10309
2364 10462
2364 11244
2364 12054
2370 10276
2378 5671
2381 3554
2387 12317
2394 6905
2417 11822
2424 12044
2449 1592
2449 7132
2454 9218
2504 11781
2519 8005
2565 7013
2565 12069
2576 2950
2576 9302
2605 6747
2605 11295
2616 2019
2707 1562
2746 2070
2746 2375
2746 5709
2746 5711
2746 6726
2746 9018
2774 12145
2782 4903
2863 5029
2893 4578
2893 12675
2897 6463
2993 5459
3011 5363
3101 12199
3163 9133
3168 3594
3168 7652
3199 726
3204 4782
3252 13121
3262 9301
3275 11671
3287 5208
3296 2908
3331 3837
3332 11132
3345 10036
3345 11145
3350 1429
3374 6759
3422 12081
3456 9876
3456 10780
3478 7372
3486 5372
3615 9648
3634 254
3634 2956
3634 4712
3634 13497
3634 13498
3764 12848
3805 6618
3838 9404
3961 4434
3982 5377
3982 10624
4032 6334
4085 3800
4117 5396
4142 8005
4143 2649
4155 5613
4188 7372
4210 6466
4226 12376
4251 9466
4314 2821
4346 2366
4357 4305
4397 13485
4441 12579
4468 7376
4476 1418
4476 10738
4476 12066
4545 11805
4559 2227
4573 3396
4573 4029
4586 6632
4671 12332
4694 5090
4712 13858
4757 3993
4788 9654
4794 9543
4805 6762
4847 6697
4847 9747
4859 4204
4890 6509
4952 6511
4962 7215
4976 5134
4992 6882
5008 7215
5039 13965
5055 5006
5076 2128
5096 6211
5103 6381
5113 3102
5117 12356
5143 1810
5151 244
5256 8191
5304 12331
5329 3720
5329 9218
5404 11275
5413 3726
5413 5712
5435 8701
5435 9392
5461 4747
5461 5430
5461 9363
5461 11729
5461 14034
5515 778
5515 3993
5515 4210
5538 2761
5575 7889
5662 11050
5681 311
5681 4029
5681 4221
5681 4756
5681 9218
5681 9560
5701 3313
5705 984
5745 536
5746 6692
5769 1825
5789 6689
5811 5524
5877 8347
5943 10206
5999 6993
6032 3552
6032 6215
6070 13777
6091 1096
6290 6498
6298 5115
6307 3174
6335 5628
6364 6689
6364 7402
6419 12084
6464 9174
6527 4081
6557 11781
6580 4606
6580 10548
6711 4899
6751 6693
6755 6185
6757 5773
6843 3135
6866 4883
6938 4974
6945 3837
7009 253
7019 4974
7039 784
7039 11218
7039 13853
7061 8447
7170 3461
7170 4236
7214 5217
7297 2812
7362 1342
7451 9887
7487 9466
7507 6448
7548 13252
7558 14302
7701 254
7718 4823
7773 4968
7773 5376
7773 6280
7790 4910
7836 7546
7875 12415
7908 13185
7918 14077
7936 159
7936 487
7936 3162
7936 4580
7936 6689
7936 7395
7936 8269
7936 10198
7979 13364
7983 9009
8002 6572
8002 6881
8002 7689
8002 9769
8002 10039
8038 13316
8051 4409
8090 5008
8090 6219
8138 8852
8190 7398
8218 2551
8218 4331
8218 6752
8218 7372
8218 8044
8218 13659
8303 5352
8308 4394
8344 6912
8348 4401
8371 6185
8377 3894
8377 6632
8395 8412
8430 648
8430 4308
8430 7302
8430 8085
8430 9893
8430 11368
8446 11342
8452 8922
8587 5671
8593 5527
8605 841
8628 7404
8695 6693
8751 7372
8778 141
8778 1694
8849 2064
8886 3537
8909 12317
9018 6683
9028 10969
9091 487
9091 3467
9091 6377
9091 7659
9131 2227
9158 1369
9158 1683
9158 2503
9158 2921
9158 3020
9158 4029
9158 4253
9158 4294
9158 5743
9158 5773
9158 6685
9158 6686
9158 6781
9158 6784
9158 6972
9158 7198
9158 7921
9158 8528
9158 9664
9158 9707
9158 9801
9158 10045
9158 10276
9158 11149
9158 11475
9158 11882
9158 12911
9158 13449
9158 13458
9158 13660
9158 13858
9219 5414
9219 7011
9239 4406
9239 6681
9239 11798
9315 3942
9330 4355
9388 5172
9388 13583
9450 5266
9450 6796
9484 2101
9546 3103
9546 8964
9556 11432
9602 988
9617 2326
9652 6796
9664 48
9758 8435
9817 740
9837 3056
9867 1630
9870 4221
9870 4316
9870 5230
9870 10516
9922 7922
9922 11533
9922 13908
9936 4828
9942 593
9957 1515
9965 566
9965 1879
9965 4375
9965 9031
9993 6838
10011 254
10011 322
10011 692
10011 872
10011 1764
10011 2345
10011 3083
10011 3812
10011 3828
10011 3974
10011 4083
10011 4626
10011 5377
10011 6426
10011 7189
10011 7573
10011 7761
10011 7875
10011 7948
10011 8140
10011 9481
10011 9542
10011 9707
10011 9874
10011 10045
10011 10323
10011 10662
10011 10955
10011 11089
10011 11346
10011 11359
10011 11993
10011 12356
10011 12563
10011 12650
10011 12910
10011 13211
10011 13547
10011 13670
10011 14318
10113 5349
10120 8298
10123 5142
10132 3014
10159 5782
10159 12084
10174 5646
10211 3926
10214 3944
10220 4104
10231 2977
10377 10039
10488 10765
10495 626
10495 2266
10495 3717
10495 5349
10495 5817
10495 6781
15875 4926
15875 10186
16734 5613
17458 621
17458 626
17458 2848
17458 3075
17458 3301
17458 4974
17458 5041
17458 6680
19177 6183
20133 872
21058 5431
21783 6408
22629 3453
22629 5626
22923 4910
26825 5754
27432 10036
27437 12249
27443 7537
27452 125
27452 2444
27452 2812
27452 3618
27452 4382
27452 4626
27452 4906
27452 5036
27452 5660
27452 7320
27452 8044
27452 8500
27452 12198
27454 7297
27454 13961
27477 8440
27522 140
27525 5163
27529 1594
27546 5356
27560 4836
27560 4943
27586 2427
27611 5450
27620 3608
27636 9838
27664 2389
27683 2568
27683 8660
27683 9294
27700 2104
27700 6468
27700 7216
27700 15085
27715 7401
27724 6836
27724 7519
27743 4935
27743 6523
27750 196
27750 5380
27750 8218
27764 770
27778 4960
27789 783
27797 5352
27797 5900
27797 7002
27799 10667
27824 4926
27824 7117
27824 9731
27836 5210
27836 8665
27836 8938
27862 2568
27894 15184
27905 975
27911 4923
27929 229
27937 307
27937 2020
27937 2956
