92 846
92 908
191 183
208 2963
365 3127
365 3590
365 6699
365 9871
390 3721
405 15155
413 189
413 3855
413 3856
464 170
506 5847
539 811
550 2761
583 3260
586 1375
608 1138
608 1973
654 1044
654 1810
682 287
750 2965
782 1229
808 5754
841 5028
975 7038
995 373
995 1164
995 1390
995 4456
995 5091
995 5628
995 5711
995 7238
995 7252
995 7272
995 7278
995 7281
1010 6720
1068 8110
1138 7252
1143 5497
1144 3744
1144 3841
1144 6902
1144 6947
1144 9091
1223 3554
1245 5028
1308 9088
1335 8277
1408 1121
1439 1920
1543 7734
1664 1939
1664 5028
1739 7001
1829 6484
1900 6482
1926 5646
2070 4910
2306 6878
2344 2920
2417 9569
2896 9852
2896 11364
3604 12305
3684 4199
4025 1112
4028 6880
4055 2956
4101 10134
4194 11942
4194 12335
4260 5122
4338 2252
4429 6689
4489 10972
4573 5628
4712 13761
4813 2602
4934 12751
5076 872
5076 6591
5532 4554
5681 5656
5681 10029
5681 11522
5746 2260
5879 10036
5943 6477
5943 11535
6033 1878
6033 6087
6033 10471
6070 11869
6257 11367
6345 9204
6527 2090
6613 985
6613 7773
6643 324
6736 9542
6866 3511
6866 6010
6866 11483
6895 8427
6990 5032
7168 1812
7168 2195
7168 2956
7168 5217
7168 6280
7231 6185
7318 1905
7318 2920
7318 3251
7318 4083
7318 4626
7318 4819
7318 5098
7318 5553
7318 6074
7318 6088
7318 6241
7318 9250
7318 13835
7330 6007
7558 5122
7558 11889
7558 12277
7558 13284
7836 8183
7936 2462
8430 1869
8430 1909
8430 2273
8430 2508
8430 2618
8430 2706
8430 2785
8430 3373
8430 3610
8430 4344
8430 4735
8430 6299
8430 6503
8430 6534
8430 7193
8430 8263
8430 8358
8430 8564
8430 8735
8430 10065
8430 10181
8430 10774
8430 10951
8430 10953
8430 11136
8430 11244
8430 11267
8430 11385
8430 11411
8430 11509
8430 12529
8430 13278
8446 4911
8606 3174
8744 5740
8917 8103
8970 8211
9121 7932
9243 5671
9243 10613
9243 13145
9435 8818
9435 10082
9435 11089
9794 3523
9794 8662
9796 12793
10005 781
10118 6879
10159 407
10159 4077
10159 5605
10159 12702
10211 7541
10455 3303
10455 8930
10488 7119
10592 1515
10612 5560
10612 6153
10874 2915
10874 6280
10874 12111
11027 3741
11238 5396
11282 5133
11410 6684
11506 5814
11681 4358
12797 9174
13134 6377
13159 1945
13538 4077
13538 11367
13551 5655
13723 4582
13868 6904
14157 4961
14205 2407
14205 6310
14205 7612
14205 8154
14205 9779
14278 255
14278 1442
14278 8776
14366 6850
14453 10419
14811 2806
15293 5570
15840 7375
15877 4910
15963 3209
16029 5570
16461 13423
16548 2332
17067 274
17067 3180
17067 5034
17067 5753
17417 9917
17542 14536
17542 15028
17699 4026
17699 8374
17699 9096
17723 3852
17723 9910
17754 1169
17754 11060
17949 6189
18038 11431
18038 13115
18038 13534
18153 8273
18178 4955
18229 6642
18684 7191
19106 12897
19393 2920
20162 6080
20162 12682
20305 4378
20351 8663
20670 6733
20921 120
20921 141
20921 3909
20943 11808
21045 7743
21452 5413
21792 1523
21811 4709
22095 5570
22652 8570
22961 1444
22961 2639
22961 6384
22961 6793
22961 8089
22961 8680
22961 11711
23091 2267
23091 2349
23091 5436
23091 7392
23091 13221
23833 3917
23927 4883
24384 5450
24621 1071
24621 1182
24621 4606
24621 5673
24621 12112
24979 6934
25015 908
25113 4961
25245 6695
25246 274
25246 626
25246 1945
25246 2006
25246 5557
25246 6346
25828 29
25955 12083
26020 2956
26245 8431
26573 6153
26791 2920
26798 656
26798 1122
26798 1789
26798 1942
26798 2503
26798 3383
26798 4659
26798 4668
26798 5124
26798 6576
26798 7600
26993 5497
27175 2618
27477 5141
27514 9997
27530 512
27530 1940
27530 5907
27530 6346
27530 8618
27530 14348
27680 4915
27700 5453
27736 1062
27736 1444
27736 2271
27736 2785
27736 3694
27736 4474
27736 4607
27736 4862
27736 4883
27736 4898
27736 5383
27736 5392
27736 5424
27736 5838
27736 5855
27736 5900
27736 6232
27736 6384
27736 7293
27736 7306
27736 7621
27929 3172
